1.160451812155009460e+10 6.462412592332902932e+02
1.107181824499245834e+10 4.911464146070311472e+02
1.056357170251665878e+10 3.723796753317947150e+02
1.007865597546993256e+10 2.816100508420180404e+02
9.616000073883722305e+09 2.123881056425233851e+02
9.174582171073652267e+09 1.597212422411296870e+02
8.753427346822664261e+09 1.197470345145469963e+02
8.351605434161854744e+09 8.948506488986579654e+01
7.968228964993840218e+09 6.663967436102127806e+01
7.602451210021636009e+09 4.944524195638625486e+01
7.253464308653169632e+09 3.654489996382253025e+01
6.920497484752114296e+09 2.689930109247627144e+01
6.602815344293519974e+09 1.971342788070368357e+01
6.299716251164765358e+09 1.438101022322518219e+01
6.010530777524835587e+09 1.044031256298985433e+01
5.734620225298871994e+09 7.541024417752060671e+00
5.471375215542827606e+09 5.417927043179080471e+00
5.220214342562898636e+09 3.870995256061857237e+00
4.980582889816611290e+09 2.749855904902292369e+00
4.751951604760201454e+09 1.941823051905305020e+00
4.533815529935813904e+09 1.362882205822040449e+00
4.325692887717103958e+09 9.506158090316364495e-01
4.127124016250241280e+09 6.589004666396319765e-01
3.937670354239768028e+09 4.538469282389266390e-01
3.756913472337634563e+09 3.106813009115703128e-01
3.584454148995694160e+09 2.113982032860023674e-01
3.419911488740753651e+09 1.430102440649214379e-01
3.262922080924921513e+09 9.621385658387733575e-02
3.113139197092984200e+09 6.439634043652392448e-02
2.970232025194263458e+09 4.289332649151381127e-02
2.833884938947735310e+09 2.844087166125175772e-02
2.703796800746408939e+09 1.877361521624217044e-02
2.579680296561730385e+09 1.233643664169705757e-02
2.461261301378764153e+09 8.067829629291315557e-03
2.348278273760774136e+09 5.247384054369119352e-03
2.240481678206132889e+09 3.390376397032493754e-03
2.137633434021510839e+09 2.173197701735440565e-03
2.039506389494423628e+09 1.379942085984790139e-03
1.945883820203543186e+09 8.663679505217204094e-04
1.856558950358842611e+09 5.366055389639331650e-04
1.771334496114469051e+09 3.272190885004987713e-04
1.690022229845508099e+09 1.961096824657977439e-04
1.612442564426526546e+09 1.152895620756467821e-04
1.538424156593536615e+09 6.633964407294008531e-05
1.467803528513445616e+09 3.730181208438217643e-05
1.400424706725241184e+09 2.047213829322196661e-05
1.336138877655317545e+09 1.095232036234177028e-05
1.274804058946294546e+09 5.702112856965635402e-06
1.216284785873273611e+09 2.885682073127891220e-06
1.160451812155009508e+09 1.418735107359832774e-06
