1.160451812155009508e+09 1.418735107359832774e-06
1.056357170251665950e+09 3.131945365209710063e-07
9.616000073883723021e+08 6.075530716432808993e-08
8.753427346822664738e+08 1.028713647867523937e-08
7.968228964993840456e+08 1.499055175226594656e-09
7.253464308653169870e+08 1.859523463322739917e-10
6.602815344293520451e+08 1.916092347416899276e-11
6.010530777524834871e+08 1.632810545976767076e-12
5.471375215542827845e+08 1.181260084749826267e-13
4.980582889816610813e+08 5.900368016954296822e-15
4.533815529935813546e+08 -7.212072388271051807e-16
4.127124016250224113e+08 7.208207150263458928e-18
3.756913472337634563e+08 1.237734865485969931e-16
3.419911488740753531e+08 2.373416832890925123e-21
3.113139197092984319e+08 -1.592387042166909675e-17
2.833884938947723508e+08 1.496151820751383235e-25
2.579680296561730504e+08 2.051247762025335652e-18
2.348278273760774136e+08 1.531218792016971050e-27
2.137633434021510780e+08 -2.642329335174851297e-19
1.945883820203543305e+08 -1.970317135929875716e-28
1.771334496114461720e+08 3.403735251804799803e-20
1.612442564426526427e+08 2.537997869387673549e-29
1.467803528513445556e+08 -4.384545677237981662e-21
1.336138877655317485e+08 -3.269440040532623610e-30
1.216284785873268694e+08 5.647983574982926870e-22
1.107181824499245733e+08 4.211422662104218739e-31
1.007865597546993345e+08 -7.275490053367401852e-23
9.174582171073633432e+07 -5.424975350833829976e-32
8.351605434161837399e+07 9.371974053024070357e-24
7.602451210021604598e+07 6.988219902939444769e-33
6.920497484752114117e+07 -1.207257476902260979e-24
6.299716251164764911e+07 -9.002063372351986261e-34
5.734620225298859924e+07 1.555137271284911107e-25
5.220214342562876642e+07 1.159588719925752953e-34
4.751951604760201275e+07 -2.003261092898501629e-26
4.325692887717103958e+07 -1.493757200983754072e-35
3.937670354239759594e+07 2.580514970121694991e-27
3.584454148995687068e+07 1.924192207241210063e-36
3.262922080924921110e+07 -3.324108722178600042e-28
2.970232025194263458e+07 -2.478662038598742178e-37
2.703796800746403262e+07 4.281977848389354570e-29
2.461261301378758997e+07 3.192922830980911367e-38
2.240481678206123784e+07 -5.516021294792915498e-30
2.039506389494423568e+07 -4.113585484554251402e-39
1.856558950358842686e+07 7.112621992354019147e-31
1.690022229845504835e+07 5.328199884841976333e-40
1.538424156593530253e+07 -9.476672774557223520e-32
1.400424706725235656e+07 -8.155734132527871049e-41
1.274804058946294524e+07 2.609902209894810362e-32
1.160451812155007198e+07 6.758186641711051641e-41
