1.160451812155009613e+11 1.289004094858803004e+08
1.107181824499245758e+11 1.027813319961859882e+08
1.056357170251665955e+11 8.194090104445971549e+07
1.007865597546993256e+11 6.531649047587537766e+07
9.616000073883721924e+10 5.205956233430177718e+07
9.174582171073652649e+10 4.149087014217930287e+07
8.753427346822663879e+10 3.306816237347775325e+07
8.351605434161854553e+10 2.635510508050779253e+07
7.968228964993840027e+10 2.100414001839777827e+07
7.602451210021636963e+10 1.673962535251074657e+07
7.253464308653169250e+10 1.334162322549307346e+07
6.920497484752114868e+10 1.063385331176603027e+07
6.602815344293519592e+10 8.476010038766914979e+06
6.299716251164765167e+10 6.756572167092868127e+06
6.010530777524835205e+10 5.386620020093211904e+06
5.734620225298871613e+10 4.294961569216379896e+06
5.471375215542827606e+10 3.424927670100853778e+06
5.220214342562898254e+10 2.731533729060541373e+06
4.980582889816610718e+10 2.178934133858707733e+06
4.751951604760201263e+10 1.738455028990742052e+06
4.533815529935813904e+10 1.387274504270780832e+06
4.325692887717103577e+10 1.107273235046570189e+06
4.127124016250241089e+10 8.840130157975043403e+05
3.937670354239767456e+10 7.059505074187396094e+05
3.756913472337635040e+10 5.638976856358494842e+05
3.584454148995694733e+10 4.505572311217702227e+05
3.419911488740753937e+10 3.601139770152301062e+05
3.262922080924921417e+10 2.879199327016991447e+05
3.113139197092984009e+10 2.302741131415639538e+05
2.970232025194263458e+10 1.842352116629563388e+05
2.833884938947735214e+10 1.474585962298542727e+05
2.703796800746408844e+10 1.180699968569184857e+05
2.579680296561730576e+10 9.457620802418141102e+04
2.461261301378763962e+10 7.578950345151925285e+04
2.348278273760774231e+10 6.076246772995419451e+04
2.240481678206132889e+10 4.873756140640053491e+04
2.137633434021510696e+10 3.911072840002756857e+04
2.039506389494423676e+10 3.140092697971378948e+04
1.945883820203543091e+10 2.522416409694088361e+04
1.856558950358842468e+10 2.027317225032785063e+04
1.771334496114469147e+10 1.630268620906686374e+04
1.690022229845508194e+10 1.311713554318650495e+04
1.612442564426526642e+10 1.056019682196969916e+04
1.538424156593536568e+10 8.506700903152714091e+03
1.467803528513445663e+10 6.856588440560904928e+03
1.400424706725241280e+10 5.529937003868961256e+03
1.336138877655317497e+10 4.462790496767465811e+03
1.274804058946294403e+10 3.603862095169964959e+03
1.216284785873273659e+10 2.912098088114105849e+03
1.160451812155009460e+10 2.354643800303415446e+03
