1.160451812155009613e+11 1.135405913122315109e+08
1.107181824499245758e+11 8.997096232938188314e+07
1.056357170251665955e+11 7.126046595935896039e+07
1.007865597546993256e+11 5.641494432381239533e+07
9.616000073883721924e+10 4.464274523819510639e+07
9.174582171073652649e+10 3.531286935021594167e+07
8.753427346822663879e+10 2.792325958939531446e+07
8.351605434161854553e+10 2.207158879534918070e+07
7.968228964993840027e+10 1.743867044149151072e+07
7.602451210021636963e+10 1.377250327399471030e+07
7.253464308653169250e+10 1.087291437458480708e+07
6.920497484752114868e+10 8.580260635513991117e+06
6.602815344293519592e+10 6.768067327568356879e+06
6.299716251164765167e+10 5.336356241730578244e+06
6.010530777524835205e+10 4.205845411424217746e+06
5.734620225298871613e+10 3.313417900699195918e+06
5.471375215542827606e+10 2.609132431542089675e+06
5.220214342562898254e+10 2.053599242086009122e+06
4.980582889816610718e+10 1.615635968091049232e+06
4.751951604760201263e+10 1.270471152659414569e+06
4.533815529935813904e+10 9.985309100480353227e+05
4.325692887717103577e+10 7.843931391965977382e+05
4.127124016250241089e+10 6.158665066817965126e+05
3.937670354239767456e+10 4.832847301105816732e+05
3.756913472337635040e+10 3.790207410756541067e+05
3.584454148995694733e+10 2.970726937759105349e+05
3.419911488740753937e+10 2.327035505066813785e+05
3.262922080924921417e+10 1.821648753653379972e+05
3.113139197092984009e+10 1.425032840836644464e+05
2.970232025194263458e+10 1.113976090606827493e+05
2.833884938947735214e+10 8.701889992858163896e+04
2.703796800746408844e+10 6.792277108994311129e+04
2.579680296561730576e+10 5.297305854604158230e+04
2.461261301378763962e+10 4.127809352304977074e+04
2.348278273760774231e+10 3.213653128819208723e+04
2.240481678206132889e+10 2.499575619027310677e+04
2.137633434021510696e+10 1.942185111245722874e+04
2.039506389494423676e+10 1.507482798853068562e+04
1.945883820203543091e+10 1.168784729375308234e+04
1.856558950358842468e+10 9.051156189760700727e+03
1.771334496114469147e+10 7.000414763126235812e+03
1.690022229845508194e+10 5.407123229048185749e+03
1.612442564426526642e+10 4.170660640310436975e+03
1.538424156593536568e+10 3.212173261407521750e+03
1.467803528513445663e+10 2.470035272990322028e+03
1.400424706725241280e+10 1.896177278796065593e+03
1.336138877655317497e+10 1.453078188413458747e+03
1.274804058946294403e+10 1.111428508769693508e+03
1.216284785873273659e+10 8.483996510767956352e+02
1.160451812155009460e+10 6.462412592332902932e+02
