1.160451812155009508e+09 1.798347635736705863e+00
1.056357170251665950e+09 1.780745893914980504e+00
9.616000073883723021e+08 1.770409779710108378e+00
8.753427346822664738e+08 1.764333806847788511e+00
7.968228964993840456e+08 1.760729484643654974e+00
7.253464308653169870e+08 1.758553601740256545e+00
6.602815344293520451e+08 1.757208833008259141e+00
6.010530777524834871e+08 1.756356730113935116e+00
5.471375215542827845e+08 1.755804486517206220e+00
4.980582889816610813e+08 1.755441247921266879e+00
4.533815529935813546e+08 1.755201303161525450e+00
4.127124016250224113e+08 1.755044362081560783e+00
3.756913472337634563e+08 1.754944422413965865e+00
3.419911488740753531e+08 1.754844816468289270e+00
3.113139197092984319e+08 1.754796254000226874e+00
2.833884938947723508e+08 1.754764557817575232e+00
2.579680296561730504e+08 1.754744230212279321e+00
2.348278273760774136e+08 1.754731481506726309e+00
2.137633434021510780e+08 1.754723687984192093e+00
1.945883820203543305e+08 1.754719034936740973e+00
1.771334496114461720e+08 1.754716280191883859e+00
1.612442564426526427e+08 1.754689448016062858e+00
1.467803528513445556e+08 1.754689868321673840e+00
1.336138877655317485e+08 1.754886904397529701e+00
1.216284785873268694e+08 1.754884068651348272e+00
1.107181824499245733e+08 1.754879481579803890e+00
1.007865597546993345e+08 1.754874059629476291e+00
9.174582171073633432e+07 1.754868513606195668e+00
8.351605434161837399e+07 1.754863397150257631e+00
7.602451210021604598e+07 1.754859463516327489e+00
6.920497484752114117e+07 1.754857057721146862e+00
6.299716251164764911e+07 1.754854440245253500e+00
5.734620225298859924e+07 1.754850597826689507e+00
5.220214342562876642e+07 1.754852911135820648e+00
4.751951604760201275e+07 1.754865050248856528e+00
4.325692887717103958e+07 1.754853394070625461e+00
3.937670354239759594e+07 1.754799859700425069e+00
3.584454148995687068e+07 1.754465530794323547e+00
3.262922080924921110e+07 1.753734798447220689e+00
2.970232025194263458e+07 1.752719644377374708e+00
2.703796800746403262e+07 1.751508233385209445e+00
2.461261301378758997e+07 1.750226208322813282e+00
2.240481678206123784e+07 1.748955355281179846e+00
2.039506389494423568e+07 1.747759422952666952e+00
1.856558950358842686e+07 1.746674084760464263e+00
1.690022229845504835e+07 1.745716307794293209e+00
1.538424156593530253e+07 1.744890343736013927e+00
1.400424706725235656e+07 1.744191629286604428e+00
1.274804058946294524e+07 1.743611119848105462e+00
1.160451812155007198e+07 1.743128696980339676e+00
