7.386520369079317173e-03 9.999999999999998224e+00 1.000000000000000000e+01
7.517196101243410651e-03 9.912721916780972364e+00 9.912717955681698001e+00
7.650183631943676711e-03 9.826192157721777676e+00 9.826185059289356261e+00
7.785523859458494747e-03 9.740414381565392077e+00 9.740409445055908222e+00
7.923258405602120330e-03 9.655383000172143682e+00 9.655378047203305059e+00
8.063429628524835038e-03 9.571092002184942160e+00 9.571086008977802706e+00
8.206080635739548823e-03 9.487537816669300739e+00 9.487530541040429810e+00
8.351255297378849113e-03 9.404725350269087514e+00 9.404717504418860230e+00
8.498998259686594073e-03 9.322632970567568123e+00 9.322626468188554227e+00
8.649354958748179528e-03 9.241250573610948038e+00 9.241250858505368981e+00
8.802371634463710542e-03 9.160580073777595089e+00 9.160581807085051764e+00
8.958095344768378029e-03 9.080617377300706394e+00 9.080612821719222794e+00
9.116573980104396291e-03 9.001349543531004471e+00 9.001343495665093286e+00
9.277856278148989208e-03 8.922768008863746658e+00 8.922762587386886324e+00
9.441991838802902409e-03 8.844872391709351689e+00 8.844867890763579155e+00
9.609031139444102615e-03 8.767664312481940669e+00 8.767658439437109763e+00
9.779025550451321894e-03 8.691140228579628868e+00 8.691128049501191555e+00
9.952027351002225991e-03 8.615271521733699700e+00 8.615261755525754239e+00
1.012808974515107263e-02 8.540065605588406328e+00 8.540056932160675629e+00
1.030726687819081590e-02 8.465516075992789879e+00 8.465507871534136086e+00
1.048961385330465096e-02 8.391620883425293442e+00 8.391612237242098260e+00
1.067518674851215300e-02 8.318368656171843512e+00 8.318360032494682699e+00
1.086404263391522323e-02 8.245755443302792642e+00 8.245747723789735417e+00
1.105623958924911894e-02 8.173776395170772702e+00 8.173769043767393327e+00
1.125183672174397999e-02 8.102426764709768747e+00 8.102417726226200045e+00
1.145089418430236816e-02 8.031700643589626765e+00 8.031688751489490130e+00
1.165347319399835310e-02 7.961591077691504204e+00 7.961578189018730711e+00
1.185963605090390068e-02 7.892092004835665975e+00 7.892081354766724566e+00
1.206944615724829875e-02 7.823199509553428577e+00 7.823191389810864926e+00
1.228296803691653928e-02 7.754910285997289598e+00 7.754900639293425435e+00
1.250026735529266055e-02 7.687218101006024540e+00 7.687205193209051046e+00
1.272141093945412110e-02 7.620115168068370082e+00 7.620102533092506292e+00
1.294646679872344698e-02 7.553597605244322111e+00 7.553586172994056547e+00
1.317550414558345782e-02 7.487662070262452119e+00 7.487649153239335220e+00
1.340859341696250956e-02 7.422302049211692676e+00 7.422287917678639602e+00
1.364580629589628308e-02 7.357511874093880522e+00 7.357498161871679265e+00
1.388721573357281497e-02 7.293287701570825732e+00 7.293273714209796310e+00
1.413289597176751317e-02 7.229624653275386947e+00 7.229609511044299275e+00
1.438292256567507733e-02 7.166517098210743342e+00 7.166501434346935540e+00
1.463737240714534094e-02 7.103960571624429399e+00 7.103944816371487114e+00
1.489632374833018726e-02 7.041950508923288332e+00 7.041934388433389813e+00
1.515985622574880093e-02 6.980482164466002004e+00 6.980465191389106039e+00
1.542805088477863795e-02 6.919550332661487779e+00 6.919532192265677395e+00
1.570099020457972616e-02 6.859150306478753123e+00 6.859131369934400979e+00
1.597875812345984567e-02 6.799277491470045121e+00 6.799258261685593219e+00
1.626144006468847186e-02 6.739926451999097345e+00 6.739907318420156557e+00
1.654912296276739650e-02 6.681093120040502598e+00 6.681073995660108622e+00
1.684189529016610204e-02 6.622774167491624731e+00 6.622754199380994855e+00
1.713984708453011527e-02 6.564964358617266349e+00 6.564942454093089630e+00
1.744306997637070505e-02 6.507660716769829712e+00 6.507635450748741057e+00
1.775165721724443826e-02 6.450857331867118738e+00 6.450828815062719990e+00
1.806570370843128132e-02 6.394549000489916146e+00 6.394519342268884188e+00
1.838530603012001816e-02 6.338730944482032115e+00 6.338702667158091053e+00
1.871056247111002255e-02 6.283399135408697767e+00 6.283374697322106073e+00
1.904157305903846770e-02 6.228550620039988495e+00 6.228529390479833339e+00
1.937843959114229214e-02 6.174183388085245916e+00 6.174160949376791052e+00
1.972126566556437616e-02 6.120292418606307017e+00 6.120265916915403004e+00
2.007015671321358413e-02 6.066871991328141256e+00 6.066841847876193405e+00
2.042522003018840127e-02 6.013916406451737195e+00 6.013885526787499103e+00
2.078656481077422249e-02 5.961422719112644764e+00 5.961391914992788976e+00
2.115430218102436893e-02 5.909387804429972135e+00 5.909356149633272715e+00
2.152854523293522282e-02 5.857807288380415756e+00 5.857774152453723460e+00
2.190940905922591359e-02 5.806677020093988340e+00 5.806642659287390984e+00
2.229701078873335199e-02 5.755993162700855592e+00 5.755957586360534783e+00
2.269146962243337451e-02 5.705751806589477226e+00 5.705714940317099249e+00
2.309290687009921475e-02 5.655948974236575388e+00 5.655910761380661178e+00
2.350144598760843181e-02 5.606580826342344892e+00 5.606541445984584371e+00
2.391721261490990097e-02 5.557643424575115176e+00 5.557602927185350872e+00
2.434033461466244413e-02 5.509133682325993320e+00 5.509092103354856995e+00
2.477094211155703163e-02 5.461047549632417564e+00 5.461004671135814448e+00
2.520916753233464272e-02 5.413381502864021755e+00 5.413336978512698572e+00
2.565514564651207724e-02 5.366131665864713796e+00 5.366085390035509661e+00
2.610901360782826378e-02 5.319294373418217425e+00 5.319246403616811669e+00
2.657091099642378343e-02 5.272865960588307033e+00 5.272816430996649650e+00
2.704097986176660223e-02 5.226842492906011550e+00 5.226791492428039199e+00
2.751936476633722387e-02 5.181220628488445001e+00 5.181168140856047266e+00
2.800621283008665127e-02 5.135997723459086117e+00 5.135943609140707800e+00
2.850167377568088231e-02 5.091169502830854121e+00 5.091113607190670187e+00
2.900589997454582764e-02 5.046732793497020531e+00 5.046674901691162951e+00
2.951904649372679226e-02 5.002684530139651642e+00 5.002624423568489576e+00
3.004127114357698497e-02 4.959020601858652455e+00 4.958958234859916381e+00
3.057273452628969310e-02 4.915738131240502184e+00 4.915673640992896942e+00
3.111360008528894772e-02 4.872833459568594705e+00 4.872766958549441085e+00
3.166403415549415984e-02 4.830303358117919110e+00 4.830234873003930396e+00
3.222420601447380933e-02 4.788144852418257713e+00 4.788074331983461107e+00
3.279428793450415991e-02 4.746354341418633993e+00 4.746281649805507818e+00
3.337445523554900817e-02 4.704929013987535491e+00 4.704853908536651197e+00
3.396488633917661010e-02 4.663865043908203667e+00 4.663787368578166337e+00
3.456576282343051809e-02 4.623159615177268478e+00 4.623079291577707473e+00
3.517726947867112763e-02 4.582810151886755001e+00 4.582727171107951136e+00
3.579959436440511428e-02 4.542812710774088991e+00 4.542727057018684178e+00
3.643292886712028861e-02 4.503164682904632343e+00 4.503076372878015654e+00
3.707746775914352172e-02 4.463862979684760646e+00 4.463772005433265910e+00
3.773340925854003214e-02 4.424904299478450653e+00 4.424810565554087027e+00
3.840095509007232510e-02 4.386286201712162658e+00 4.386189526224960389e+00
3.908031054723750536e-02 4.348005224285897086e+00 4.347905464470261272e+00
3.977168455540220499e-02 4.310058655530787597e+00 4.309955710184835809e+00
4.047528973605433317e-02 4.272443553581998898e+00 4.272337342286850692e+00
4.119134247219159717e-02 4.235156844783007024e+00 4.235047297491792762e+00
4.192006297486674388e-02 4.198195997691563264e+00 4.198083062197995652e+00
4.266167535091013041e-02 4.161557957387295836e+00 4.161441562089274626e+00
4.341640767185031557e-02 4.125239979107442778e+00 4.125120009561172196e+00
4.418449204405399539e-02 4.089239390597300350e+00 4.089115698963138534e+00
4.496616468010673079e-02 4.053553607317761376e+00 4.053426076212432783e+00
4.576166597145654713e-02 4.018179213804912386e+00 4.018047722675211375e+00
4.657124056234260290e-02 3.983113548691668448e+00 3.982977984274458372e+00
4.739513742503181915e-02 3.948354196795611060e+00 3.948214461029028843e+00
4.823360993638644428e-02 3.913898348370591140e+00 3.913754356133006151e+00
4.908691595578626443e-02 3.879743487073039176e+00 3.879595138873830784e+00
4.995531790442928749e-02 3.845886944146303499e+00 3.845734110651036097e+00
5.083908284603537442e-02 3.812326131704796950e+00 3.812168672436809569e+00
5.173848256897757569e-02 3.779058492111705636e+00 3.778896276807243826e+00
5.265379366986650683e-02 3.746081407397489738e+00 3.745914313929463280e+00
5.358529763861339529e-02 3.713392407463266043e+00 3.713220308386186108e+00
5.453328094499797912e-02 3.680988952131475145e+00 3.680811720863443437e+00
5.549803512676790285e-02 3.648868720651737618e+00 3.648686226649056064e+00
5.647985687929670678e-02 3.617029209580120863e+00 3.616841315982611604e+00
5.747904814682792268e-02 3.585467666322324831e+00 3.585274225106358514e+00
5.849591621533341279e-02 3.554181769173996308e+00 3.553982629453434239e+00
5.953077380701445737e-02 3.523169321517064745e+00 3.522964333846556606e+00
6.058393917647467847e-02 3.492427744535464118e+00 3.492216758238601670e+00
6.165573620859438053e-02 3.461954604661671375e+00 3.461737467532358892e+00
6.274649451813638090e-02 3.431747805489225200e+00 3.431524362338161716e+00
6.385654955111397246e-02 3.401804887659470200e+00 3.401574981560951727e+00
6.498624268795220871e-02 3.372123471178346321e+00 3.371886942650666352e+00
6.613592134847424975e-02 3.342701466268447774e+00 3.342458151268756783e+00
6.730593909874496572e-02 3.313536491085934621e+00 3.313286219869914007e+00
6.849665575980480592e-02 3.284626289675426580e+00 3.284368888254883601e+00
6.970843751832722646e-02 3.255968751040693832e+00 3.255704043831788574e+00
7.094165703923380195e-02 3.227561557726778219e+00 3.227289367638646933e+00
7.219669358030159079e-02 3.199402586368659041e+00 3.199122733154734721e+00
7.347393310879812844e-02 3.171489696573983164e+00 3.171201996451349814e+00
7.477376842017963154e-02 3.143820697263249642e+00 3.143524963203147227e+00
7.609659925888935528e-02 3.116393659968045959e+00 3.116089701809125145e+00
7.744283244129276933e-02 3.089206394510253251e+00 3.088894018334886304e+00
7.881288198078774399e-02 3.062256492828358212e+00 3.061935500420244871e+00
8.020716921512806297e-02 3.035542090746683908e+00 3.035212280940096985e+00
8.162612293599932900e-02 3.009061248077334216e+00 3.008722416939687783e+00
8.307017952088732726e-02 2.982811739681360486e+00 2.982463680533810724e+00
8.453978306727921721e-02 2.956791602888425796e+00 2.956434105830341608e+00
8.603538552923895022e-02 2.930998966710342657e+00 2.930631818286026924e+00
8.755744685639872682e-02 2.905431698874133772e+00 2.905054682140091771e+00
8.910643513540959793e-02 2.880087863231608925e+00 2.879700757856186399e+00
9.068282673389424509e-02 2.854965611860396546e+00 2.854568194176991813e+00
9.228710644694654297e-02 2.830062889654501923e+00 2.829654932542048584e+00
9.391976764622296525e-02 2.805377842123718768e+00 2.804959115117392709e+00
9.558131243167135305e-02 2.780908612307066985e+00 2.780478881688810411e+00
9.727225178594417487e-02 2.756653224077690201e+00 2.756212252931708573e+00
9.899310573154332382e-02 2.732609901752351966e+00 2.732157449808398031e+00
1.007444034907451491e-01 2.708776771047557652e+00 2.708312594704024967e+00
1.025266836483546412e-01 2.685152025482898885e+00 2.684675877814298950e+00
1.043404943173388832e-01 2.661733983576400675e+00 2.661245614320836950e+00
1.061863933073908944e-01 2.638520714979887938e+00 2.638019870476255857e+00
1.080649482964753660e-01 2.615510188265383285e+00 2.614996611429700746e+00
1.099767370054094140e-01 2.592700911392267216e+00 2.592174341918942471e+00
1.119223473755317083e-01 2.570091133248675330e+00 2.569551307598988199e+00
1.139023777495148243e-01 2.547678938778269675e+00 2.547125590217906854e+00
1.159174370553764100e-01 2.525462748127559554e+00 2.524895606623904776e+00
1.179681449937456383e-01 2.503440889797027946e+00 2.502859682023904853e+00
1.200551322284426486e-01 2.481611526814580859e+00 2.481015976161757397e+00
1.221790405804295959e-01 2.459973083245270864e+00 2.459362909871555480e+00
1.243405232251928311e-01 2.438523921850549669e+00 2.437898842698725144e+00
1.265402448936168156e-01 2.417262285010549849e+00 2.416622013825457937e+00
1.287788820764123598e-01 2.396186635884485217e+00 2.395530883272654954e+00
1.310571232321605939e-01 2.375295342833606771e+00 2.374623816320087233e+00
1.333756689990380218e-01 2.354586737641198191e+00 2.353899141684585583e+00
1.357352324102871211e-01 2.334059313752707254e+00 2.333355349625887420e+00
1.381365391134985743e-01 2.313711441732220653e+00 2.312990807522425918e+00
1.405803275937733132e-01 2.293541641028408407e+00 2.292804031798620468e+00
1.430673494008322111e-01 2.273548421116927898e+00 2.272793528981906341e+00
1.455983693801436163e-01 2.253730089743362530e+00 2.252957603862666414e+00
1.481741659081399765e-01 2.234084985373762766e+00 2.233294591956354935e+00
1.507955311315955504e-01 2.214611848494682622e+00 2.213803230717246162e+00
1.534632712112389274e-01 2.195309123577839916e+00 2.194481961611594478e+00
1.561782065696755983e-01 2.176175194003429514e+00 2.175329165028601963e+00
1.589411721436961578e-01 2.157208754217275093e+00 2.156343532598141266e+00
1.617530176410485465e-01 2.138408321376421561e+00 2.137523578698895754e+00
1.646146078017524106e-01 2.119772337458322387e+00 2.118867742582451363e+00
1.675268226640368729e-01 2.101299494693448011e+00 2.100374713619189926e+00
1.704905578349826811e-01 2.082988348509805299e+00 2.082043044419301658e+00
1.735067247659524414e-01 2.064837417307811673e+00 2.063871250607763663e+00
1.765762510328936774e-01 2.046845403580724199e+00 2.045858032067029875e+00
1.797000806216003943e-01 2.029010878271270357e+00 2.028001957182364645e+00
1.828791742180216062e-01 2.011332455207558656e+00 2.010301637243957273e+00
1.861145095037055330e-01 1.993808828805903266e+00 1.992755764114140238e+00
1.894070814564706162e-01 1.976438603180660447e+00 1.975362939419929909e+00
1.927579026563956410e-01 1.959220551674867306e+00 1.958121934001295417e+00
1.961680035972233338e-01 1.942153353731461918e+00 1.941031424806724193e+00
1.996384330032728305e-01 1.925235522309156844e+00 1.924089922296481348e+00
2.031702581519588269e-01 1.908465753393744579e+00 1.907296120013470375e+00
2.067645652020164149e-01 1.891842917809279712e+00 1.890648886403427209e+00
2.104224595275325793e-01 1.875365652627204893e+00 1.874146856164899066e+00
2.141450660578869680e-01 1.859032624969711112e+00 1.857788694096267346e+00
2.179335296237068509e-01 1.842842718921406275e+00 1.841573282029651759e+00
2.217890153089420724e-01 1.826794628490650219e+00 1.825499311799991586e+00
2.257127088091689937e-01 1.810887057719998472e+00 1.809565485338276325e+00
2.297058167962327535e-01 1.795118892128867438e+00 1.793770686062715169e+00
2.337695672893409238e-01 1.779488863616035310e+00 1.778113643883948214e+00
2.379052100327219144e-01 1.763995746278176791e+00 1.762593130850239165e+00
2.421140168799646997e-01 1.748638417009574120e+00 1.747208021623364305e+00
2.463972821851578565e-01 1.733415636946333160e+00 1.731957075063635720e+00
2.507563232009484278e-01 1.718326258722083999e+00 1.716839141822361192e+00
2.551924804836426808e-01 1.703369140570115681e+00 1.701853078377546735e+00
2.597071183054738830e-01 1.688543103367059039e+00 1.686997703883890365e+00
2.643016250741631046e-01 1.673847112727784303e+00 1.672271981892422987e+00
2.689774137599028059e-01 1.659280001804636528e+00 1.657674743750490842e+00
2.737359223298942990e-01 1.644840479563655311e+00 1.643204696747991633e+00
2.785786141905723934e-01 1.630527528842357521e+00 1.628860821907029299e+00
2.835069786376537282e-01 1.616340123124020645e+00 1.614642090891095672e+00
2.885225313141467907e-01 1.602277073085615289e+00 1.600547312604344574e+00
2.936268146764648423e-01 1.588337309785528007e+00 1.586575416430141328e+00
2.988213984687845270e-01 1.574519841326944114e+00 1.572725408907941214e+00
3.041078802057968766e-01 1.560823528124387627e+00 1.558996148954036043e+00
3.094878856639984854e-01 1.547247317595760618e+00 1.545386582420737787e+00
3.149630693816740101e-01 1.533790228570613534e+00 1.531895726477388919e+00
3.205351151677240940e-01 1.520451160922260181e+00 1.518522479363654920e+00
3.262057366194952013e-01 1.507229110177006115e+00 1.505265835108145378e+00
3.319766776497701244e-01 1.494123088453013892e+00 1.492124804445743136e+00
3.378497130230815326e-01 1.481132034471685843e+00 1.479098324766610739e+00
3.438266489015138205e-01 1.468254991649951435e+00 1.466185438016713638e+00
3.499093234001605657e-01 1.455490961429865671e+00 1.453385144172770760e+00
3.560996071524084594e-01 1.442838963517858231e+00 1.440696461543909956e+00
3.623994038852222377e-01 1.430298104281306104e+00 1.428118495228575480e+00
3.688106510046065822e-01 1.417867356506308019e+00 1.415650216723615795e+00
3.753353201914260140e-01 1.405545623107391950e+00 1.403290527688611844e+00
3.819754180077640782e-01 1.393332093193428767e+00 1.391038615938333001e+00
3.887329865140123353e-01 1.381225840960522477e+00 1.378893554408984645e+00
3.956101038968736772e-01 1.369225839473473094e+00 1.366854314934429659e+00
4.026088851084771436e-01 1.357331228734519613e+00 1.354920036325633514e+00
4.097314825167989727e-01 1.345541123424385255e+00 1.343089832116071802e+00
4.169800865675906687e-01 1.333854539141106077e+00 1.331362716806784530e+00
4.243569264580167033e-01 1.322270620056309909e+00 1.319737833407252925e+00
4.318642708222100723e-01 1.310788497302485256e+00 1.308214311880408376e+00
4.395044284289561509e-01 1.299407227191397229e+00 1.296791207386006395e+00
4.472797488917190090e-01 1.288125979435770896e+00 1.285467688551072074e+00
4.551926233912289566e-01 1.276943886136083783e+00 1.274242886424759469e+00
4.632454854108539188e-01 1.265860047988755399e+00 1.263115900681782477e+00
4.714408114849795717e-01 1.254873657025453282e+00 1.252085922318843192e+00
4.797811219606297750e-01 1.243983842760480352e+00 1.241152079866696845e+00
4.882689817725606729e-01 1.233189801751886749e+00 1.230313568882989816e+00
4.969070012320670471e-01 1.222490743724734541e+00 1.219569598087963058e+00
5.056978368297437854e-01 1.211885768495814197e+00 1.208919266328558617e+00
5.146441920524483793e-01 1.201373969431295929e+00 1.198361666012535576e+00
5.237488182147175264e-01 1.190954672773077316e+00 1.187896122418757416e+00
5.330145153048915230e-01 1.180627053091258150e+00 1.177521809177263012e+00
5.424441328462075163e-01 1.170390238264689797e+00 1.167237853247765633e+00
5.520405707731270706e-01 1.160243523153388967e+00 1.157043548598335025e+00
5.618067803231666657e-01 1.150186121187441346e+00 1.146938107805217877e+00
5.717457649445053525e-01 1.140217193391813488e+00 1.136920691066453992e+00
5.818605812196491200e-01 1.130336033869648427e+00 1.126990591543102660e+00
5.921543398054367469e-01 1.120541875308178836e+00 1.117147040970306149e+00
6.026302063896735728e-01 1.110833918501323181e+00 1.107389239197882569e+00
6.132914026646913985e-01 1.101211466728657884e+00 1.097716488736281581e+00
6.241412073181298314e-01 1.091673759121667420e+00 1.088128027988873425e+00
6.351829570412469428e-01 1.082220044540307624e+00 1.078623105063366783e+00
6.464200475550671010e-01 1.072849627677459949e+00 1.069201023761560343e+00
6.578559346546836162e-01 1.063561759309446186e+00 1.059861033993405810e+00
6.694941352720350514e-01 1.054355776451019189e+00 1.050602472016352040e+00
6.813382285574837161e-01 1.045230978789742471e+00 1.041424636747896981e+00
6.933918569805290755e-01 1.036186575715756231e+00 1.032326736773611087e+00
7.056587274499931395e-01 1.027221846149579010e+00 1.023308050224431609e+00
7.181426124540233324e-01 1.018336197100718321e+00 1.014367983348546165e+00
7.308473512202637856e-01 1.009528902526978689e+00 1.005505809333781864e+00
7.437768508965508785e-01 1.000799237387893115e+00 9.967208023838312059e-01
7.569350877524965160e-01 9.921466061342362197e-01 9.880123662235140714e-01
7.703261084023295124e-01 9.835703145144272241e-01 9.793798058958088637e-01
7.839540310493688935e-01 9.750696599035602041e-01 9.708224180878106679e-01
7.978230467525152525e-01 9.666440463921259774e-01 9.623396061907042442e-01
8.119374207151461853e-01 9.582927993824600366e-01 9.539306949317608586e-01
8.263014935968141517e-01 9.500152531481917961e-01 9.455950178998604461e-01
8.409196828481502184e-01 9.418108099515778431e-01 9.373319766294185840e-01
8.557964840693833564e-01 9.336788075123894082e-01 9.291409080872264914e-01
8.709364723928929575e-01 9.256186247002575751e-01 9.210211904674686645e-01
8.863443038902212301e-01 9.176296539664897667e-01 9.129722156218978979e-01
9.020247170039764617e-01 9.097112598098781033e-01 9.049933474587490423e-01
9.179825340050685734e-01 9.018628865702703612e-01 8.970840296325170993e-01
9.342226624757246078e-01 8.940839151481755342e-01 8.892436424111723747e-01
9.507500968187404533e-01 8.863736554040703153e-01 8.814714950458796272e-01
9.675699197934330975e-01 8.787315465453895413e-01 8.737670261646047765e-01
9.846873040787651465e-01 8.711570487202718871e-01 8.661296953583537128e-01
1.002107513864123334e+00 8.636495281216637343e-01 8.585588682763328761e-01
1.019835906468239406e+00 8.562083989374309478e-01 8.510539585711025534e-01
1.037877933986750545e+00 8.488331372072333014e-01 8.436144417459542355e-01
1.056239144968909471e+00 8.415231354825590815e-01 8.362397098071934209e-01
1.074925186123954157e+00 8.342778191291421175e-01 8.289291876071800402e-01
1.093941804057667833e+00 8.270966682721293539e-01 8.216823548076321870e-01
1.113294847039659530e+00 8.199790949677386864e-01 8.144986229872874794e-01
1.132990266801909174e+00 8.129245535240322562e-01 8.073774460043088297e-01
1.153034120369132109e+00 8.059325191948558675e-01 8.003182986839160185e-01
1.173432571921524170e+00 7.990024227376780752e-01 7.933206113592046194e-01
1.194191894690461053e+00 7.921337476046838022e-01 7.863838671086446075e-01
1.215318472887734425e+00 7.853259622762939207e-01 7.795075340605193137e-01
1.236818803668918276e+00 7.785785352119662939e-01 7.726910803453033161e-01
1.258699499131469723e+00 7.718909903046518028e-01 7.659340295637119267e-01
1.280967288348179078e+00 7.652627816597378230e-01 7.592358355313815199e-01
1.303629019436591374e+00 7.586933181546611227e-01 7.525959068419910691e-01
1.326691661665042155e+00 7.521821563887179929e-01 7.460137998999195608e-01
1.350162307595947686e+00 7.457288079141302095e-01 7.394890260636145518e-01
1.374048175267014393e+00 7.393327228452484245e-01 7.330210352434655130e-01
1.398356610411035872e+00 7.329934313057595574e-01 7.266093574302084912e-01
1.423095088714960710e+00 7.267104648886200113e-01 7.202535241043301895e-01
1.448271218118925008e+00 7.204832966749978862e-01 7.139530082166931635e-01
1.473892741155957919e+00 7.143114604046877369e-01 7.077073434951328679e-01
1.499967537333079859e+00 7.081944951135215049e-01 7.015160690340523919e-01
1.526503625554523458e+00 7.021318943611426500e-01 6.953786784732965964e-01
1.553509166587824453e+00 6.961232082061505899e-01 6.892947219563410055e-01
1.580992465573542116e+00 6.901679749773220740e-01 6.832637378975588982e-01
1.608961974579376619e+00 6.842657099900927298e-01 6.772852417127254165e-01
1.637426295199473580e+00 6.784159785373530260e-01 6.713587989553381208e-01
1.666394181199713165e+00 6.726183158332127432e-01 6.654839451148698570e-01
1.695874541209795305e+00 6.668722844469693323e-01 6.596602430829940911e-01
1.725876441462953936e+00 6.611774650448201118e-01 6.538872738922952843e-01
1.756409108584137124e+00 6.555333782354576533e-01 6.481645585353992267e-01
1.787481932427514630e+00 6.499395300589529967e-01 6.424916034755862038e-01
1.819104468964183763e+00 6.443955570292071444e-01 6.368680458111475318e-01
1.851286443220961475e+00 6.389010211618345592e-01 6.312934481257342911e-01
1.884037752271168653e+00 6.334554520431595614e-01 6.257673405927064447e-01
1.917368468278321636e+00 6.280584664724827570e-01 6.202893407558819350e-01
1.951288841593673773e+00 6.227096466711348199e-01 6.148590315964236330e-01
1.985809303908552481e+00 6.174085405941975857e-01 6.094759618466234485e-01
2.020940471462466803e+00 6.121547649743535047e-01 6.041397491741545833e-01
2.056693148307971342e+00 6.069479112800557630e-01 5.988499860163144506e-01
2.093078329633278667e+00 6.017875477689248465e-01 5.936062416345454507e-01
2.130107205143673355e+00 5.966732980861668700e-01 5.884081407971795130e-01
2.167791162502727076e+00 5.916047560396792138e-01 5.832552784539194457e-01
2.206141790834401650e+00 5.865815137351237940e-01 5.781472479262541597e-01
2.245170884287105650e+00 5.816031984511145225e-01 5.730836778691745792e-01
2.284890445660805458e+00 5.766694070378276527e-01 5.680641665399805973e-01
2.325312690098302770e+00 5.717797787992516811e-01 5.630883547661570399e-01
2.366450048841812759e+00 5.669339406353410826e-01 5.581558710300331683e-01
2.408315173056005509e+00 5.621314705657978195e-01 5.532662949460898094e-01
2.450920937718673365e+00 5.573719692642079560e-01 5.484192289002806087e-01
2.494280445580238315e+00 5.526551217537145622e-01 5.436143598426681489e-01
2.538407031193298025e+00 5.479805394821186670e-01 5.388513011067219693e-01
2.583314265013465505e+00 5.433478271493300538e-01 5.341296593556562611e-01
2.629015957572754747e+00 5.387566631171820664e-01 5.294491151670838169e-01
2.675526163726797524e+00 5.342066761425988686e-01 5.248092995134234773e-01
2.722859186977199197e+00 5.296974838730731383e-01 5.202098323344011011e-01
2.771029583870362245e+00 5.252287639095161165e-01 5.156503937187392195e-01
2.820052168474128429e+00 5.208001547857706859e-01 5.111306247100704248e-01
2.869942016933618945e+00 5.164112932491092822e-01 5.066501646649015367e-01
2.920714472107671433e+00 5.120618571398140029e-01 5.022086942377815832e-01
2.972385148287302492e+00 5.077514898734600823e-01 4.978058596847987349e-01
3.024969935997641635e+00 5.034798521058715393e-01 4.934413246482508009e-01
3.078485006884820852e+00 4.992466170965206285e-01 4.891147655096620972e-01
3.132946818689316348e+00 4.950514396141977858e-01 4.848258402284603696e-01
3.188372120307273239e+00 4.908940170851071039e-01 4.805742496480800430e-01
3.244777956941374164e+00 4.867740172879121419e-01 4.763596650049738979e-01
3.302181675342828804e+00 4.826910682955933285e-01 4.721817178467188625e-01
3.360600929146101645e+00 4.786448574185168670e-01 4.680400992299408314e-01
3.420053684298017593e+00 4.746350964955085017e-01 4.639345249219740119e-01
3.480558224582912974e+00 4.706614439489040236e-01 4.598646572539534794e-01
3.542133157245535013e+00 4.667235752714112840e-01 4.558301758047290098e-01
3.604797418713411972e+00 4.628212088655017098e-01 4.518308033181777650e-01
3.668570280420464513e+00 4.589540166394986964e-01 4.478662160410528670e-01
3.733471354733638670e+00 4.551216811040165178e-01 4.439361009861359508e-01
3.799520600984388707e+00 4.513239216067689297e-01 4.400401822426395215e-01
3.866738331606864421e+00 4.475604194889377108e-01 4.361781459143329598e-01
3.935145218384689336e+00 4.438308736949334032e-01 4.323496959032844811e-01
4.004762298808250520e+00 4.401350002061647504e-01 4.285545533427615461e-01
4.075610982544455752e+00 4.364724889117408968e-01 4.247924133285493897e-01
4.147713058020952026e+00 4.328430556027462184e-01 4.210629970908905118e-01
4.221090699126818002e+00 4.292464118357980918e-01 4.173660217554797103e-01
4.295766472031809613e+00 4.256822648143767096e-01 4.137012002283557699e-01
4.371763342126233631e+00 4.221503543866669816e-01 4.100682783293932432e-01
4.449104681083606572e+00 4.186503846031144338e-01 4.064669661017873414e-01
4.527814274048254539e+00 4.151820321634978606e-01 4.028969462900287013e-01
4.607916326950066477e+00 4.117450484197537897e-01 3.993579767080667753e-01
4.689435473948662114e+00 4.083391692665275241e-01 3.958497998014339214e-01
4.772396785009246578e+00 4.049640944716065283e-01 3.923721218980103509e-01
4.856825773612495567e+00 4.016195612354279687e-01 3.889246870966017178e-01
4.942748404600837198e+00 3.983053148245790376e-01 3.855072477760299599e-01
5.030191102163538375e+00 3.950210668439005923e-01 3.821195226868206452e-01
5.119180757963063044e+00 3.917665568577234358e-01 3.787612587785690321e-01
5.209744739405189229e+00 3.885415331410024264e-01 3.754322118745932468e-01
5.301910898055433030e+00 3.853457173394655433e-01 3.721321112054104541e-01
5.395707578204378407e+00 3.821788586090817397e-01 3.688607138430819998e-01
5.491163625584521313e+00 3.790407038443876497e-01 3.656177747661529809e-01
5.588308396241338016e+00 3.759309849698251882e-01 3.624030340774822556e-01
5.687171765561285675e+00 3.728494604020690106e-01 3.592162586372461552e-01
5.787784137459521361e+00 3.697958744917838603e-01 3.560572013386344992e-01
5.890176453730158634e+00 3.667699817887880021e-01 3.529256254925520198e-01
5.994380203561942011e+00 3.637715515295003033e-01 3.498213093338742308e-01
6.100427433222266771e+00 3.608003201756806999e-01 3.467439983098454803e-01
6.208350755912518615e+00 3.578560120651443910e-01 3.436934258520190077e-01
6.318183361797760078e+00 3.549384221258957139e-01 3.406693965972263927e-01
6.429959028213859895e+00 3.520473094609171683e-01 3.376716793492202662e-01
6.543712130055197029e+00 3.491824125720707772e-01 3.347000223923953244e-01
6.659477650346130595e+00 3.463435146599506131e-01 3.317542190023840543e-01
6.777291190999494397e+00 3.435303849461756043e-01 3.288340485343812514e-01
6.897188983765417447e+00 3.407427717021735414e-01 3.259392694091016174e-01
7.019207901373849090e+00 3.379804580252635526e-01 3.230696753736301274e-01
7.143385468874197564e+00 3.352432172278277389e-01 3.202250505170277650e-01
7.269759875175584973e+00 3.325308076017839953e-01 3.174051639887920384e-01
7.398369984791265175e+00 3.298430165706649486e-01 3.146098143231103594e-01
7.529255349790805241e+00 3.271796179159933704e-01 3.118387864842507295e-01
7.662456221963719116e+00 3.245403815667596281e-01 3.090918617323428763e-01
7.798013565198291808e+00 3.219250978646110428e-01 3.063688421104248660e-01
7.935969068079394617e+00 3.193335407496889489e-01 3.036695133127832458e-01
8.076365156709170989e+00 3.167655045714775630e-01 3.009936817043574186e-01
8.219245007754530263e+00 3.142207805983971425e-01 2.983411507020439779e-01
8.364652561725481661e+00 3.116991336332601836e-01 2.957116972518041287e-01
8.512632536488348833e+00 3.092003348356169856e-01 2.931051048482326560e-01
8.663230441018081152e+00 3.067242056457927246e-01 2.905212077419151440e-01
8.816492589393831736e+00 3.042705282771445141e-01 2.879598008146088128e-01
8.972466115042143642e+00 3.018390783026595470e-01 2.854206724085018299e-01
9.131198985232119369e+00 2.994296714686318639e-01 2.829036516027573778e-01
9.292740015827016364e+00 2.970420989557762126e-01 2.804085428758655296e-01
9.457138886296814206e+00 2.946761433640934791e-01 2.779351422147615103e-01
9.624446154996382674e+00 2.923316197977828823e-01 2.754832783849004429e-01
9.794713274713924278e+00 2.900083241832415171e-01 2.730527609490079333e-01
9.967992608494489204e+00 2.877060489411786270e-01 2.706433960691346785e-01
1.014433744574343699e+01 2.854246096901923990e-01 2.682550135435858296e-01
1.032380201861476543e+01 2.831638041981748843e-01 2.658874252759619861e-01
1.050644151868938891e+01 2.809234372338029195e-01 2.635404503553512856e-01
1.069231211394845715e+01 2.787033224385932484e-01 2.612139169339874889e-01
1.088147096604696173e+01 2.765032623237054787e-01 2.589076420667379974e-01
1.107397624789292401e+01 2.743230817563444557e-01 2.566214654925639826e-01
1.126988716153758396e+01 2.721625917070402134e-01 2.543552130304645997e-01
1.146926395638208973e+01 2.700215815144421660e-01 2.521086887589688019e-01
1.167216794770626542e+01 2.678998677937451944e-01 2.498817244440688090e-01
1.187866153552519854e+01 2.657972855234845277e-01 2.476741705314997877e-01
1.208880822377940412e+01 2.637136400221297694e-01 2.454858476102623199e-01
1.230267263986448967e+01 2.616487427138349253e-01 2.433165825420376405e-01
1.252032055450631631e+01 2.596024309860083257e-01 2.411662285066769884e-01
1.274181890198778966e+01 2.575745172288616547e-01 2.390346135174676867e-01
1.296723580073346049e+01 2.555648170863355495e-01 2.369215689576366635e-01
1.319664057425831061e+01 2.535731680767140395e-01 2.348269483937365232e-01
1.343010377248713816e+01 2.515993874053394919e-01 2.327505849018834116e-01
1.366769719345110268e+01 2.496432996689222084e-01 2.306923191415163055e-01
1.390949390536811237e+01 2.477047406600033641e-01 2.286520032274988734e-01
1.415556826911383759e+01 2.457835316120184632e-01 2.266294746095108281e-01
1.440599596109025171e+01 2.438795066449362670e-01 2.246245838255065130e-01
1.466085399649876209e+01 2.419924990746012972e-01 2.226371806511061591e-01
1.492022075302504192e+01 2.401223385763635587e-01 2.206671112416785652e-01
1.518417599494289760e+01 2.382688729686212870e-01 2.187142402089693460e-01
1.545280089764454523e+01 2.364319318410379178e-01 2.167784137260496125e-01
1.572617807260485989e+01 2.346113294219570877e-01 2.148594624310239676e-01
1.600439159278726819e+01 2.328069178250974924e-01 2.129572554293801545e-01
1.628752701849909812e+01 2.310185441255190597e-01 2.110716567483878758e-01
1.657567142370435676e+01 2.292460352837105142e-01 2.092025100356546818e-01
1.686891342280197392e+01 2.274892363251094507e-01 2.073496773054601672e-01
1.716734319787780549e+01 2.257479990905446321e-01 2.055130275113008775e-01
1.747105252643877904e+01 2.240221569714415106e-01 2.036924108879523687e-01
1.778013480963761950e+01 2.223115567458126551e-01 2.018876912837570814e-01
1.809468510099697980e+01 2.206160517984951386e-01 2.000987392648790331e-01
1.841480013564167351e+01 2.189354808444141653e-01 1.983254104893046044e-01
1.874057836004809019e+01 2.172696963821776350e-01 1.965675746394426604e-01
1.907211996231992046e+01 2.156185511142713340e-01 1.948251016028572924e-01
1.940952690299938865e+01 2.139818891910724441e-01 1.930978525602013995e-01
1.975290294642378797e+01 2.123595687197834814e-01 1.913857028857617881e-01
2.010235369263651606e+01 2.107514411779542185e-01 1.896885211886581435e-01
2.045798660986278250e+01 2.091573622855619763e-01 1.880061803709499879e-01
2.081991106755981491e+01 2.075771970445975390e-01 1.863385627446890180e-01
2.118823837005175648e+01 2.060107931337827880e-01 1.846855329299309789e-01
2.156308179075961107e+01 2.044579909477045321e-01 1.830469480760708589e-01
2.194455660703674127e+01 2.029186682608829229e-01 1.814227034341744649e-01
2.233278013562066633e+01 2.013926853283229401e-01 1.798126763313599719e-01
2.272787176871201353e+01 1.998798909081865582e-01 1.782167323105674217e-01
2.312995301069176435e+01 1.983801568588298148e-01 1.766347604385753445e-01
2.353914751548808226e+01 1.968933489642800960e-01 1.750666435155038836e-01
2.395558112460415501e+01 1.954193215454654020e-01 1.735122525647666003e-01
2.437938190581884967e+01 1.939579469831468339e-01 1.719714770101251344e-01
2.481068019257197932e+01 1.925090935290963701e-01 1.704442019794147056e-01
2.524960862404637041e+01 1.910726211880032499e-01 1.689303040860927474e-01
2.569630218595898796e+01 1.896484052905744733e-01 1.674296755348327614e-01
2.615089825207375895e+01 1.882363146523358677e-01 1.659422017631256574e-01
2.661353662644874163e+01 1.868362157329564732e-01 1.644677657022012018e-01
2.708435958643073249e+01 1.854479861543338881e-01 1.630062616423709199e-01
2.756351192641049508e+01 1.840714951388975895e-01 1.615575751540238580e-01
2.805114100235203622e+01 1.827066224044370246e-01 1.601216024707177998e-01
2.854739677710969303e+01 1.813532468184595459e-01 1.586982388405353550e-01
2.905243186654691101e+01 1.800112334581745188e-01 1.572873652381264753e-01
2.956640158647090288e+01 1.786804502038238096e-01 1.558888654021137465e-01
3.008946400039766189e+01 1.773607921072727633e-01 1.545026508644289087e-01
3.062177996816196668e+01 1.760521338983455641e-01 1.531286121446581439e-01
3.116351319538735964e+01 1.747543466751348140e-01 1.517666358962094508e-01
3.171483028383131142e+01 1.734673228881452034e-01 1.504166306092349359e-01
3.227590078262102935e+01 1.721909425425995066e-01 1.490784918185739938e-01
3.284689724039569825e+01 1.709250811113958990e-01 1.477521102446629209e-01
3.342799525837119035e+01 1.696696312812304430e-01 1.464373942091918845e-01
3.401937354434349459e+01 1.684244760537542684e-01 1.451342418879746632e-01
3.462121396764758430e+01 1.671894966287179596e-01 1.438425494422411466e-01
3.523370161508855603e+01 1.659645866435908168e-01 1.425622257231310974e-01
3.585702484786222044e+01 1.647496306427065904e-01 1.412931700202081364e-01
3.649137535948270994e+01 1.635445169378839936e-01 1.400352853531263153e-01
3.713694823473488071e+01 1.623491387776546946e-01 1.387884796738419468e-01
3.779394200966967787e+01 1.611633837720954088e-01 1.375526549218120953e-01
3.846255873266080272e+01 1.599871513984016114e-01 1.363277251521446964e-01
3.914300402654164657e+01 1.588203341377469602e-01 1.351135969806196713e-01
3.983548715184142708e+01 1.576628133944229515e-01 1.339101653439267459e-01
4.054022107114004569e+01 1.565144851188954023e-01 1.327173400858317198e-01
4.125742251456149035e+01 1.553752548679827317e-01 1.315350408237473401e-01
4.198731204642584913e+01 1.542450130155763044e-01 1.303631712107611307e-01
4.273011413308048390e+01 1.531236535561833201e-01 1.292016384649049277e-01
4.348605721193125362e+01 1.520110839574574935e-01 1.280503636074914187e-01
4.425537376169489079e+01 1.509071989201906383e-01 1.269092541694505916e-01
4.503830037389430885e+01 1.498118953518264018e-01 1.257782197617255127e-01
4.583507782561867572e+01 1.487250814759571993e-01 1.246571815476500977e-01
4.664595115357074917e+01 1.476466551922822057e-01 1.235460496971649558e-01
4.747116972942411905e+01 1.465765188082137349e-01 1.224447387620735406e-01
4.831098733651369770e+01 1.455145802983418557e-01 1.213531689915053752e-01
4.916566224788285666e+01 1.444607404504643922e-01 1.202712528854714136e-01
5.003545730571136829e+01 1.434149071674446219e-01 1.191989101397165352e-01
5.092064000214847397e+01 1.423769878623384055e-01 1.181360596872627067e-01
5.182148256157602617e+01 1.413468886241458777e-01 1.170826188282771685e-01
5.273826202432690025e+01 1.403245249870520572e-01 1.160385145104609328e-01
5.367126033188452539e+01 1.393098030896711970e-01 1.150036635664196671e-01
5.462076441358965440e+01 1.383026216404930897e-01 1.139779747668604876e-01
5.558706627488109575e+01 1.373028997518611627e-01 1.129613780363324937e-01
5.657046308709751514e+01 1.363105531279077964e-01 1.119537994444636253e-01
5.757125727886793953e+01 1.353254876786438021e-01 1.109551544894883668e-01
5.858975662911902305e+01 1.343476196534515998e-01 1.099653692609400824e-01
5.962627436172776640e+01 1.333768680472029455e-01 1.089843724405754333e-01
6.068112924184871559e+01 1.324131428803112798e-01 1.080120829594732601e-01
6.175464567394529780e+01 1.314563620625585627e-01 1.070484277708132620e-01
6.284715380155546427e+01 1.305064462284440396e-01 1.060933363924218414e-01
6.395898960882225737e+01 1.295633090510176222e-01 1.051467306771037141e-01
6.509049502382059416e+01 1.286268720611648542e-01 1.042085404643173230e-01
6.624201802371200642e+01 1.276970564273952891e-01 1.032786948814000266e-01
6.741391274175971660e+01 1.267737796292025820e-01 1.023571188194575821e-01
6.860653957623685528e+01 1.258569667060017161e-01 1.014437448355396260e-01
6.982026530126147179e+01 1.249465391170266060e-01 1.005385013425643265e-01
7.105546317959225178e+01 1.240424216680598712e-01 9.964131995238997841e-02
7.231251307741979417e+01 1.231445432146549973e-01 9.875213621204388670e-02
7.359180158118866188e+01 1.222528240877208822e-01 9.787087624308889178e-02
7.489372211648604605e+01 1.213671820659711492e-01 9.699746307736187290e-02
7.621867506903393519e+01 1.204875543462386872e-01 9.613184000402892615e-02
7.756706790782121175e+01 1.196138683932510688e-01 9.527393956668443742e-02
7.893931531041529581e+01 1.187460468351090315e-01 9.442368875626040714e-02
8.033583929048876371e+01 1.178840250201174389e-01 9.358102770289972172e-02
8.175706932760446932e+01 1.170277343002697062e-01 9.274589185156481563e-02
8.320344249929404157e+01 1.161771011405676596e-01 9.191821100009389678e-02
8.467540361547580119e+01 1.153320621438259225e-01 9.109792533063483522e-02
8.617340535524779455e+01 1.144925510694828341e-01 9.028497153075298876e-02
8.769790840610376392e+01 1.136584985139137693e-01 8.947928244138225740e-02
8.924938160560910205e+01 1.128298434404663292e-01 8.868079938698708586e-02
9.082830208558608831e+01 1.120065211185934384e-01 8.788945924846991442e-02
9.243515541884704589e+01 1.111884668514243474e-01 8.710519844663268396e-02
9.407043576852626643e+01 1.103756215524108325e-01 8.632795890870645361e-02
9.573464604005081924e+01 1.095679222211412701e-01 8.555767783987459907e-02
9.742829803580295334e+01 1.087653123632434243e-01 8.479429890082708365e-02
9.915191261251555943e+01 1.079677342728560252e-01 8.403776390110831440e-02
1.009060198414551905e+02 1.071751237056803863e-01 8.328800705869462973e-02
1.026911591714357854e+02 1.063874203021823589e-01 8.254496619973886173e-02
1.045078795947195545e+02 1.056045760967778968e-01 8.180859190006316284e-02
1.063567398158494512e+02 1.048265331579117665e-01 8.107882340666379417e-02
1.082383084234718922e+02 1.040532333382341024e-01 8.035559911974650416e-02
1.101531640651957531e+02 1.032846294440468160e-01 7.963886861771767023e-02
1.121018956255483516e+02 1.025206676524820643e-01 7.892857368348993319e-02
1.140851024070760928e+02 1.017612934331751234e-01 7.822465467759821822e-02
1.161033943146525615e+02 1.010064612776141180e-01 7.752706103450501818e-02
1.181573920430436146e+02 1.002561205508683828e-01 7.683573595732286210e-02
1.202477272677944313e+02 9.951022139210249917e-02 7.615062278349056524e-02
1.223750428394897085e+02 9.876872012929302502e-02 7.547167082919442604e-02
1.245399929814544890e+02 9.803156881414305801e-02 7.479882404479186453e-02
1.267432434909485295e+02 9.729872301508521448e-02 7.413202944292653085e-02
1.289854719439240682e+02 9.657014032992461416e-02 7.347123547006746691e-02
1.312673679034019187e+02 9.584577673416647126e-02 7.281638803336913657e-02
1.335896331315380223e+02 9.512559497831390987e-02 7.216743960013345671e-02
1.359529818054376165e+02 9.440955389212025983e-02 7.152433757016936344e-02
1.383581407367915403e+02 9.369760757375465710e-02 7.088702337944259579e-02
1.408058495953939087e+02 9.298972045228330596e-02 7.025544885089958502e-02
1.432968611366184746e+02 9.228585954679507930e-02 6.962956776850344476e-02
1.458319414329146753e+02 9.158598545359405985e-02 6.900932606816619075e-02
1.484118701094038215e+02 9.089006319723896832e-02 6.839467362672797812e-02
1.510374405836385563e+02 9.019806323161720651e-02 6.778556533833038356e-02
1.537094603096086018e+02 8.950995048767593221e-02 6.718194918200377785e-02
1.564287510260584497e+02 8.882569334618783952e-02 6.658377598381298723e-02
1.591961490092030544e+02 8.814526495231975178e-02 6.599100083932415983e-02
1.620125053299091746e+02 8.746863418002030766e-02 6.540357325724734106e-02
1.648786861154318331e+02 8.679577411584328550e-02 6.482144640198808649e-02
1.677955728157757846e+02 8.612666001465864307e-02 6.424457485675523494e-02
1.707640624747747040e+02 8.546126472725495971e-02 6.367290963061328357e-02
1.737850680059605395e+02 8.479956604601278369e-02 6.310640617283670706e-02
1.768595184733188717e+02 8.414154125909800719e-02 6.254501842409600221e-02
1.799883593770054233e+02 8.348716882556035668e-02 6.198870064649089628e-02
1.831725529441231117e+02 8.283643194417679434e-02 6.143741132356764917e-02
1.864130784246373196e+02 8.218930930311178773e-02 6.089110305510983534e-02
1.897109323925321291e+02 8.154577737517282321e-02 6.034972506891322919e-02
1.930671290522884931e+02 8.090582488164781150e-02 5.981323902965735018e-02
1.964827005507901845e+02 8.026943716549701791e-02 5.928160197088208627e-02
1.999586972947417962e+02 7.963659614064680370e-02 5.875476624807781517e-02
2.034961882737083840e+02 7.900729113463941800e-02 5.823269141186912523e-02
2.070962613888635246e+02 7.838151147037814015e-02 5.771533610657622604e-02
2.107600237875600158e+02 7.775924319507174221e-02 5.720265450842750704e-02
2.144886022038127464e+02 7.714047827783605815e-02 5.669460640894696118e-02
2.182831433048118583e+02 7.652520896106101977e-02 5.619115105587461911e-02
2.221448140435592506e+02 7.591342520247189307e-02 5.569224437806530315e-02
2.260748020177505850e+02 7.530512225885616084e-02 5.519784730858934285e-02
2.300743158349991972e+02 7.470029450316663377e-02 5.470791904794287952e-02
2.341445854845285623e+02 7.409893577258377939e-02 5.422241747693955921e-02
2.382868627154328465e+02 7.350104418694704267e-02 5.374130446779130238e-02
2.425024214216370240e+02 7.290661590176911178e-02 5.326453907775693941e-02
2.467925580336595033e+02 7.231565050151680940e-02 5.279208349751125795e-02
2.511585919173134869e+02 7.172814837483736106e-02 5.232390021666165347e-02
2.556018657794537603e+02 7.114410596853346092e-02 5.185994686720690056e-02
2.601237460809094841e+02 7.056352035538107637e-02 5.140018127097451678e-02
2.647256234567144588e+02 6.998639805316173024e-02 5.094457114278399396e-02
2.694089131437795004e+02 6.941273966387939698e-02 5.049307731535687682e-02
2.741750554161229729e+02 6.884254456656505039e-02 5.004565893110680952e-02
2.790255160278090329e+02 6.827581913309037354e-02 4.960228251453606407e-02
2.839617866637135535e+02 6.771256629288051332e-02 4.916291057178562296e-02
2.889853853982734790e+02 6.715278740172368754e-02 4.872750369870679915e-02
2.940978571623427911e+02 6.659648932526041065e-02 4.829602841410120945e-02
2.993007742183169739e+02 6.604367612262496134e-02 4.786844808829779363e-02
3.045957366436534244e+02 6.549435102175434065e-02 4.744472516983559013e-02
3.099843728229557769e+02 6.494852118652617856e-02 4.702482647731738574e-02
3.154683399487533961e+02 6.440619086080846822e-02 4.660871572829555082e-02
3.210493245311511146e+02 6.386736509090311376e-02 4.619635769424798588e-02
3.267290429164838201e+02 6.333205042248364613e-02 4.578771902761426260e-02
3.325092418151583047e+02 6.280025123770295592e-02 4.538276428696255693e-02
3.383916988388215259e+02 6.227197526905810937e-02 4.498146207636374849e-02
3.443782230470434911e+02 6.174722778376934285e-02 4.458377869018117362e-02
3.504706555036603959e+02 6.122601006661402417e-02 4.418967649708216427e-02
3.566708698429708875e+02 6.070832723278819093e-02 4.379912260076971459e-02
3.629807728459381906e+02 6.019418718659486078e-02 4.341208774214403571e-02
3.694023050265971619e+02 5.968359237036491294e-02 4.302853725464290263e-02
3.759374412288235021e+02 5.917654559641508105e-02 4.264843755880366044e-02
3.825881912336732285e+02 5.867305335336154420e-02 4.227175987706130456e-02
3.893566003774533897e+02 5.817311736559918622e-02 4.189847093121303045e-02
3.962447501807405956e+02 5.767673920726090753e-02 4.152853809171735272e-02
4.032547589885141406e+02 5.718392327648161300e-02 4.116193270417159433e-02
4.103887826216273425e+02 5.669466986124411384e-02 4.079862246756195410e-02
4.176490150397902426e+02 5.620897973307127649e-02 4.043857653985199335e-02
4.250376890162954169e+02 5.572685458963497901e-02 4.008176605738153486e-02
4.325570768246661260e+02 5.524829290865115872e-02 3.972815958769360112e-02
4.402094909374662848e+02 5.477329446443147953e-02 3.937772814247830766e-02
4.479972847374588127e+02 5.430185790198719525e-02 3.903044252447060436e-02
4.559228532413598600e+02 5.383398045671140830e-02 3.868627303491910946e-02
4.639886338363819505e+02 5.336966136361395024e-02 3.834519324164523818e-02
4.721971070298227460e+02 5.290889581524381435e-02 3.800717335694658167e-02
4.805507972118993507e+02 5.245167559056043011e-02 3.767218094265227524e-02
4.890522734320937275e+02 5.199799802127357679e-02 3.734019071212701241e-02
4.977041501892165343e+02 5.154785824796510180e-02 3.701117607970451362e-02
5.065090882354641053e+02 5.110124720618773597e-02 3.668510697007720811e-02
5.154697953946842972e+02 5.065815818563120659e-02 3.636195694530514055e-02
5.245890273951340532e+02 5.021858426670223335e-02 3.604170042954001757e-02
5.338695887169531034e+02 4.978251455879795923e-02 3.572430863800237638e-02
5.433143334546479082e+02 4.934993978197396020e-02 3.540975555655438006e-02
5.529261661948154369e+02 4.892085047004595538e-02 3.509801602035173690e-02
5.627080429094131659e+02 4.849523383665820669e-02 3.478906236575125127e-02
5.726629718648156313e+02 4.807307876569481830e-02 3.448286967150467064e-02
5.827940145469635809e+02 4.765437297626909374e-02 3.417941277660443977e-02
5.931042866028809613e+02 4.723910198622402468e-02 3.387866517713520459e-02
6.035969587988356579e+02 4.682725294775041958e-02 3.358060298188778742e-02
6.142752579954702696e+02 4.641881080062215670e-02 3.328520093173590461e-02
6.251424681401636008e+02 4.601376080364039806e-02 3.299243494622466910e-02
6.362019312769684802e+02 4.561208865595114959e-02 3.270228223328244116e-02
6.474570485743960262e+02 4.521377616264345839e-02 3.241471690108073400e-02
6.589112813714032200e+02 4.481880339248196787e-02 3.212971210271686057e-02
6.705681522418640270e+02 4.442715651678923183e-02 3.184724782136182791e-02
6.824312460778942295e+02 4.403881733866675530e-02 3.156730044458805340e-02
6.945042111923187349e+02 4.365376510959946554e-02 3.128984455874035675e-02
7.067907604406656219e+02 4.327198300674083703e-02 3.101485921127112091e-02
7.192946723629866028e+02 4.289345194067305245e-02 3.074232191131097067e-02
7.320197923459006688e+02 4.251815025038168522e-02 3.047220832261829382e-02
7.449700338051723065e+02 4.214605940147511665e-02 3.020449762385935336e-02
7.581493793892342410e+02 4.177715907280689367e-02 2.993916787811886498e-02
7.715618822039779161e+02 4.141142703244977269e-02 2.967619589432338861e-02
7.852116670592367882e+02 4.104884365940741908e-02 2.941556135485363932e-02
7.991029317372951937e+02 4.068938725019330405e-02 2.915724251719430463e-02
8.132399482838657150e+02 4.033303546735078626e-02 2.890121749840985493e-02
8.276270643218772420e+02 3.997976763714512771e-02 2.864746631581076633e-02
8.422687043885342746e+02 3.962956090961425315e-02 2.839596744990394162e-02
8.571693712960012590e+02 3.928239451636075796e-02 2.814670155297480450e-02
8.723336475161873977e+02 3.893824668425460017e-02 2.789964875081325096e-02
8.877661965900020959e+02 3.859709238065943404e-02 2.765478667570035742e-02
9.034717645615693300e+02 3.825890746532754905e-02 2.741209402259869865e-02
9.194551814377865639e+02 3.792367272492280783e-02 2.717155400223664197e-02
9.357213626737342338e+02 3.759136420713197341e-02 2.693314605323886279e-02
9.522753106843332489e+02 3.726195720359384150e-02 2.669684922477202904e-02
9.691221163827768805e+02 3.693543135805815031e-02 2.646264642988161581e-02
9.862669607461474470e+02 3.661176305541771064e-02 2.623051809488962521e-02
1.003715116408762015e+03 3.629092770190688044e-02 2.600044404010004584e-02
1.021471949283674576e+03 3.597290431306276320e-02 2.577240721948859462e-02
1.039542920212896661e+03 3.565766929282288694e-02 2.554638864334534548e-02
1.057933586646779077e+03 3.534519869432849876e-02 2.532236919609754527e-02
1.076649604353137647e+03 3.503547110894142391e-02 2.510033194014676949e-02
1.095696729156579977e+03 3.472846277411237303e-02 2.488025820499403795e-02
1.115080818708640209e+03 3.442415086413954523e-02 2.466213018203884319e-02
1.134807834289191078e+03 3.412251332667459724e-02 2.444593079132869815e-02
1.154883842639762406e+03 3.382352675204874232e-02 2.423164199874587241e-02
1.175315017829256931e+03 3.352717046377064886e-02 2.401924798599649330e-02
1.196107643152708079e+03 3.323342178474984754e-02 2.380873148047394153e-02
1.217268113063593091e+03 3.294225528931263997e-02 2.360007317582234546e-02
1.238802935140369073e+03 3.265364926623817721e-02 2.339325669614338368e-02
1.260718732087757417e+03 3.236758384636250624e-02 2.318826715652877457e-02
1.283022243773477385e+03 3.208403544289221282e-02 2.298508689531297833e-02
1.305720329300967705e+03 3.180298138998548241e-02 2.278369900623505168e-02
1.328819969118819927e+03 3.152440212561830740e-02 2.258408898868937906e-02
1.352328267167486501e+03 3.124827485317826017e-02 2.238623995155010829e-02
1.376252453064012116e+03 3.097457728233038790e-02 2.219013542736914674e-02
1.400599884325368066e+03 3.070328982555746086e-02 2.199576101602689765e-02
1.425378048631167076e+03 3.043439024072164614e-02 2.180310037328251488e-02
1.450594566126361542e+03 3.016785730312262007e-02 2.161213794331672683e-02
1.476257191764725576e+03 2.990367116783932550e-02 2.142285922608581222e-02
1.502373817693749288e+03 2.964181009562351365e-02 2.123524834802377123e-02
1.528952475681770466e+03 2.938225404731788226e-02 2.104929071363043774e-02
1.556001339587999155e+03 2.912498284579860194e-02 2.086497165025015185e-02
1.583528727876286666e+03 2.886997584905277858e-02 2.068227616302890232e-02
1.611543106173316119e+03 2.861721481489940336e-02 2.050119103368420667e-02
1.640053089872103783e+03 2.836667908437287555e-02 2.032170129186368010e-02
1.669067446781502895e+03 2.811834593641755059e-02 2.014379047488385616e-02
1.698595099822637394e+03 2.787219763957764218e-02 1.996744577799062711e-02
1.728645129772981136e+03 2.762821592905653767e-02 1.979265402084905145e-02
1.759226778059040498e+03 2.738637980914167269e-02 1.961940004438122997e-02
1.790349449598385718e+03 2.714667054682284517e-02 1.944767034285383583e-02
1.822022715692016163e+03 2.690907056370704306e-02 1.927745225876874302e-02
1.854256316967840348e+03 2.667355975180786890e-02 1.910873130717342938e-02
1.887060166376285224e+03 2.644011959992264779e-02 1.894149416604992350e-02
1.920444352238842612e+03 2.620873276527809978e-02 1.877572836611276358e-02
1.954419141350608243e+03 2.597937985065004729e-02 1.861141995777540817e-02
1.988994982137646502e+03 2.575204315256384921e-02 1.844855621906735590e-02
2.024182507870275685e+03 2.552670525273399368e-02 1.828712463858488124e-02
2.059992539933134594e+03 2.530334745206267583e-02 1.812711178475262183e-02
2.096436091153167126e+03 2.508195288443815577e-02 1.796850555017159151e-02
2.133524369186414788e+03 2.486250397571873605e-02 1.781129332060905554e-02
2.171268779964794248e+03 2.464498342815644658e-02 1.765546268292661480e-02
2.209680931203780347e+03 2.442937553340756088e-02 1.750100236982024202e-02
2.248772635972220087e+03 2.421566226031989996e-02 1.734789944510664941e-02
2.288555916325221915e+03 2.400382427074582159e-02 1.719614003442461458e-02
2.329043007001392198e+03 2.379384721997262336e-02 1.704571385517539978e-02
2.370246359185404799e+03 2.358571493627651186e-02 1.689660931293409871e-02
2.412178644337210699e+03 2.337940938201482632e-02 1.674881347383566296e-02
2.454852758088911287e+03 2.317491531339778074e-02 1.660231541121014523e-02
2.498281824210653667e+03 2.297221730375924656e-02 1.645710406809648696e-02
2.542479198646602526e+03 2.277129809354914991e-02 1.631316707255980880e-02
2.587458473622400561e+03 2.257214251809281508e-02 1.617049355656339366e-02
2.633233481825204763e+03 2.237473545918323981e-02 1.602907268609853400e-02
2.679818300657760574e+03 2.217906036563547026e-02 1.588889259961828726e-02
2.727227256567649420e+03 2.198510257731175685e-02 1.574994279222816096e-02
2.775474929453211644e+03 2.179284700195400354e-02 1.561221244955341390e-02
2.824576157147325375e+03 2.160227782729942994e-02 1.547569024121375585e-02
2.874546039980601563e+03 2.141338088481797852e-02 1.534036601556175612e-02
2.925399945425212081e+03 2.122614102045550233e-02 1.520622891467695442e-02
2.977153512820967990e+03 2.104054398235969542e-02 1.507326872746793563e-02
3.029822658184912143e+03 2.085657613199084354e-02 1.494147568261299484e-02
3.083423579106092348e+03 2.067422187726290772e-02 1.481083860874177725e-02
3.137972759726835193e+03 2.049346507697365899e-02 1.468134594102907427e-02
3.193486975812241326e+03 2.031429392547573487e-02 1.455298922202660251e-02
3.249983299909261859e+03 2.013669424509729675e-02 1.442575829441787409e-02
3.307479106597153077e+03 1.996065071600111596e-02 1.429964218247194857e-02
3.365992077830708695e+03 1.978615084198809271e-02 1.417463193383890901e-02
3.425540208378127772e+03 1.961318115350282887e-02 1.405071789876423567e-02
3.486141811354974834e+03 1.944172695969528797e-02 1.392788955243585286e-02
3.547815523856154869e+03 1.927177575807868457e-02 1.380613793805029327e-02
3.610580312687409787e+03 1.910331440930709834e-02 1.368545364253403139e-02
3.674455480198325404e+03 1.893632888217345461e-02 1.356582661383376638e-02
3.739460670218415089e+03 1.877080694803988717e-02 1.344724809138435166e-02
3.805615874098341010e+03 1.860673555600481088e-02 1.332970872552611923e-02
3.872941436857882309e+03 1.844410141178048565e-02 1.321319899223639786e-02
3.941458063442801176e+03 1.828289250651262896e-02 1.309771028843305721e-02
4.011186825092265281e+03 1.812309584007548713e-02 1.298323330086781011e-02
4.082149165819049813e+03 1.796469963385663449e-02 1.286975959141254192e-02
4.154366909004251283e+03 1.780769201765018336e-02 1.275728065632665900e-02
4.227862264108799536e+03 1.765205951051523892e-02 1.264578683791939273e-02
4.302657833503567417e+03 1.749778880089753602e-02 1.253526859985322137e-02
4.378776619420457791e+03 1.734486992049400975e-02 1.242571880094006306e-02
4.456242031026313271e+03 1.719329052491338702e-02 1.231712859774195500e-02
4.535077891622119751e+03 1.704303768561438170e-02 1.220948872833708607e-02
4.615308445969425520e+03 1.689410101219675914e-02 1.210279174914309468e-02
4.696958367746518888e+03 1.674646878693118388e-02 1.199702926568384405e-02
4.780052767136366128e+03 1.660012856427752273e-02 1.189219236208173373e-02
4.864617198548941815e+03 1.645506991850610029e-02 1.178827356940944336e-02
4.950677668480014290e+03 1.631128145923397069e-02 1.168526472765343133e-02
5.038260643509127476e+03 1.616875133414969606e-02 1.158315734587203605e-02
5.127393058438909975e+03 1.602746923952645675e-02 1.148194404258471614e-02
5.218102324578545449e+03 1.588742391128935422e-02 1.138161674832898276e-02
5.310416338173625263e+03 1.574860420451891160e-02 1.128216747899819447e-02
5.404363488985242839e+03 1.561099984814276129e-02 1.118358887646438149e-02
5.499972669020866306e+03 1.547459974622204110e-02 1.108587299168029526e-02
5.597273281419551495e+03 1.533939407564289398e-02 1.098901278745896895e-02
5.696295249494520249e+03 1.520537253191200575e-02 1.089300088175087708e-02
5.797069025935524223e+03 1.507252346139071643e-02 1.079782892597543065e-02
5.899625602174195592e+03 1.494083596657204589e-02 1.070348911324318225e-02
6.003996517914892138e+03 1.481030144329639059e-02 1.060997527961745138e-02
6.110213870834350928e+03 1.468090921806599475e-02 1.051727977869543196e-02
6.218310326452732625e+03 1.455264842580150826e-02 1.042539482682718413e-02
6.328319128179506151e+03 1.442551030581301630e-02 1.033431414792704804e-02
6.440274107536849442e+03 1.429948470949889833e-02 1.024403047162195969e-02
6.554209694564114216e+03 1.417456112608102975e-02 1.015453626807864135e-02
6.670160928406158746e+03 1.405073076674458708e-02 1.006582524106437032e-02
6.788163468089201160e+03 1.392798378968036765e-02 9.977890339989907431e-03
6.908253603487100918e+03 1.380631020318300040e-02 9.890724406881662087e-03
7.030468266481865612e+03 1.368570125167441372e-02 9.804321169317184795e-03
7.154845042321369874e+03 1.356614723951062376e-02 9.718673681418753610e-03
7.281422181178240862e+03 1.344763882534519284e-02 9.633775251124420541e-03
7.410238609912994434e+03 1.333016717834138547e-02 9.549619552097087308e-03
7.541333944045511998e+03 1.321372285954944444e-02 9.466199822352593801e-03
7.674748499938069472e+03 1.309829761176832877e-02 9.383510146501633162e-03
7.810523307194138397e+03 1.298388251807373883e-02 9.301544136534700344e-03
7.948700121276287064e+03 1.287046751902385516e-02 9.220294585952351282e-03
8.089321436347561757e+03 1.275804370618619302e-02 9.139755112828546260e-03
8.232430498339783298e+03 1.264660356729561778e-02 9.059920335439782674e-03
8.378071318253307254e+03 1.253613792312493862e-02 8.980783677864976819e-03
8.526288685691795763e+03 1.242663765441966162e-02 8.902338607146972546e-03
8.677128182636712154e+03 1.231809530211144289e-02 8.824579779672001370e-03
8.830636197465219084e+03 1.221050211410087613e-02 8.747500925509724481e-03
8.986859939216363273e+03 1.210384922117039089e-02 8.671095690827331295e-03
9.145847452109339429e+03 1.199812915684702989e-02 8.595358726706452818e-03
9.307647630318902884e+03 1.189333344642670015e-02 8.520283961940421438e-03
9.472310233011878154e+03 1.178945366575530687e-02 8.445865361536152027e-03
9.639885899649976636e+03 1.168648233575551865e-02 8.372097567545609687e-03
9.810426165563039831e+03 1.158441114011928182e-02 8.298974622235704562e-03
9.983983477798088643e+03 1.148323221244329159e-02 8.226490890181334392e-03
1.016061121124844249e+04 1.138293796830422075e-02 8.154640937965472111e-03
1.034036368506858344e+04 1.128352038308216149e-02 8.083419016817972036e-03
1.052329617937885268e+04 1.118497247335666252e-02 8.012820123875203857e-03
1.070946495226633670e+04 1.108728655154895583e-02 7.942838751820455526e-03
1.089892725708598664e+04 1.099045396833864957e-02 7.873468704353406983e-03
1.109174136006810841e+04 1.089446736289204423e-02 7.804704708234765954e-03
1.128796655823706351e+04 1.079932020830409387e-02 7.736542087644693484e-03
1.148766319764743275e+04 1.070500462782973672e-02 7.668975199749341817e-03
1.169089269194234294e+04 1.061151295041471744e-02 7.601998549070012982e-03
1.189771754124038307e+04 1.051883879611816876e-02 7.535607565070779820e-03
1.210820135135636338e+04 1.042697464653686949e-02 7.469796861630861179e-03
1.232240885336260544e+04 1.033591300399128513e-02 7.404561067475756361e-03
1.254040592349579492e+04 1.024564750029035957e-02 7.339895620487004585e-03
1.276225960341631071e+04 1.015617086222091701e-02 7.275795310195908722e-03
1.298803812082564764e+04 1.006747596851206156e-02 7.212255034983949646e-03
1.321781091044912682e+04 9.979556420112193835e-03 7.149270210624424256e-03
1.345164863538925601e+04 9.892405102431634303e-03 7.086835740285184378e-03
1.368962320885720510e+04 9.806015357430107604e-03 7.024946854202219169e-03
1.393180781628839031e+04 9.720380686419945876e-03 6.963598896770387646e-03
1.417827693784985786e+04 9.635494261595841867e-03 6.902786976607453925e-03
1.442910637134530771e+04 9.551350152469668953e-03 6.842506845161640261e-03
1.468437325552565017e+04 9.467941758706516567e-03 6.782753774008580192e-03
1.494415609381162540e+04 9.385261668513672148e-03 6.723522453402369474e-03
1.520853477843666769e+04 9.303303714870325009e-03 6.664808465341210374e-03
1.547759061501631368e+04 9.222062275822610899e-03 6.606607782304684158e-03
1.575140634755261453e+04 9.141530607347942913e-03 6.548915572931779047e-03
1.603006618388054085e+04 9.061702218222136146e-03 6.491727186964135234e-03
1.631365582156517848e+04 8.982571654110564283e-03 6.435038716962338153e-03
1.660226247425646579e+04 8.904132479196901276e-03 6.378845552361750264e-03
1.689597489851053615e+04 8.826378326493255350e-03 6.323143131905847175e-03
1.719488342108517099e+04 8.749303762528429229e-03 6.267927563101596128e-03
1.749907996671881119e+04 8.672902565633050509e-03 6.213194388797440432e-03
1.780865808640034811e+04 8.597168685000695573e-03 6.158939274246586805e-03
1.812371298613941326e+04 8.522096654490735751e-03 6.105158303551905252e-03
1.844434155624525374e+04 8.447680397955169632e-03 6.051847123812124571e-03
1.877064240112430343e+04 8.373914251358883024e-03 5.999001677360160482e-03
1.910271586960415152e+04 8.300792663183655107e-03 5.946617987135096282e-03
1.944066408579445488e+04 8.228309812761989278e-03 5.894691883259735830e-03
1.978459098049331078e+04 8.156460650809568488e-03 5.843219748469301485e-03
2.013460232315007670e+04 8.085239537000139809e-03 5.792197542081540911e-03
2.049080575439281165e+04 8.014640136774135379e-03 5.741620726071312679e-03
2.085331081913167873e+04 7.944657204788268742e-03 5.691485542718834750e-03
2.122222900024745468e+04 7.875285945870792378e-03 5.641788556803437570e-03
2.159767375287689356e+04 7.806520603041791802e-03 5.592525644073172500e-03
2.197976053930378839e+04 7.738355633936408288e-03 5.543692834024508548e-03
2.236860686446779437e+04 7.670786394408374634e-03 5.495286799630157495e-03
2.276433231210090526e+04 7.603807394884963891e-03 5.447303608206428491e-03
2.316705858150415588e+04 7.537413193082469036e-03 5.399739360947087077e-03
2.357690952497400212e+04 7.471599161820862908e-03 5.352590742979314309e-03
2.399401118589140242e+04 7.406359997692086444e-03 5.305853954986220443e-03
2.441849183748412543e+04 7.341690523994279065e-03 5.259525288422171700e-03
2.485048202227580623e+04 7.277586088161567407e-03 5.213601410228139652e-03
2.529011459223190832e+04 7.214041508616905567e-03 5.168078608365950927e-03
2.573752474961651751e+04 7.151051940381078845e-03 5.122953411933279556e-03
2.619285008857130742e+04 7.088612658720931312e-03 5.078222436171066570e-03
2.665623063743113744e+04 7.026718689386231634e-03 5.033882117568317868e-03
2.712780890178720438e+04 6.965365723943930248e-03 4.989929369599868658e-03
2.760772990831266725e+04 6.904548968966485976e-03 4.946360758294578511e-03
2.809614124936293956e+04 6.844263026944687536e-03 4.903172416922283935e-03
2.859319312836612517e+04 6.784503358025469402e-03 4.860361093170466676e-03
2.909903840601533375e+04 6.725265919832191554e-03 4.817923891114532856e-03
2.961383264727887581e+04 6.666545815732643175e-03 4.775857302848382328e-03
3.013773416924141929e+04 6.608338265333120985e-03 4.734157903738211992e-03
3.067090408979268614e+04 6.550639332652799865e-03 4.692822874080490418e-03
3.121350637717631616e+04 6.493444355539727125e-03 4.651848873948805779e-03
3.176570790041605505e+04 6.436748649799851896e-03 4.611232547625971311e-03
3.232767848063322890e+04 6.380548281124571314e-03 4.570971076606422656e-03
3.289959094327341154e+04 6.324838748762847025e-03 4.531061236590003954e-03
3.348162117125573423e+04 6.269615592675433988e-03 4.491499832442145956e-03
3.407394815906324220e+04 6.214874865408997508e-03 4.452284036240508787e-03
3.467675406778935576e+04 6.160612159531862753e-03 4.413410690538145317e-03
3.529022428115955699e+04 6.106823303345890880e-03 4.374876806765622822e-03
3.591454746254276688e+04 6.053504293793674634e-03 4.336679517166313648e-03
3.654991561297213775e+04 6.000650871854146771e-03 4.298815770613381368e-03
3.719652413019147207e+04 5.948259347363458321e-03 4.261282923504503689e-03
3.785457186874768377e+04 5.896325674248665584e-03 4.224078077267087727e-03
3.852426120114483638e+04 5.844845277507510449e-03 4.187197954408026709e-03
3.920579808008109831e+04 5.793814142800527908e-03 4.150639679088322272e-03
3.989939210178561189e+04 5.743228912264577643e-03 4.114400845763085263e-03
4.060525657047762797e+04 5.693085437954730280e-03 4.078478482879488096e-03
4.132360856396427698e+04 5.643379562644308331e-03 4.042869612235333761e-03
4.205466900039987377e+04 5.594107952092402386e-03 4.007571845208502716e-03
4.279866270622521552e+04 5.545266671923588901e-03 3.972582363245564380e-03
4.355581848531054129e+04 5.496851671019287525e-03 3.937898264159266082e-03
4.432636918931997934e+04 5.448859595431359941e-03 3.903517145209397469e-03
4.511055178932186391e+04 5.401286649372258157e-03 3.869436287125711197e-03
4.590860744866481400e+04 5.354128971792100448e-03 3.835652923884576640e-03
4.672078159714493086e+04 5.307383211331920432e-03 3.802164654600639557e-03
4.754732400648325711e+04 5.261045639463230415e-03 3.768968808187482793e-03
4.838848886713959655e+04 5.215112633958858546e-03 3.736062789712046688e-03
4.924453486648414400e+04 5.169580821067536885e-03 3.703444182247328954e-03
5.011572526835397002e+04 5.124446554729344440e-03 3.671110373786691701e-03
5.100232799401521333e+04 5.079706649056044826e-03 3.639059081986622396e-03
5.190461570455756009e+04 5.035357718408794980e-03 3.607287881403954417e-03
5.282286588474817836e+04 4.991395917047335672e-03 3.575794016982740495e-03
5.375736092836711759e+04 4.947817619163475886e-03 3.544574891224515183e-03
5.470838822505361895e+04 4.904620069636202347e-03 3.513628530383774637e-03
5.567624024868747074e+04 4.861799775991142852e-03 3.482952432481282220e-03
5.666121464733626635e+04 4.819353113572266353e-03 3.452544000843967356e-03
5.766361433479156403e+04 4.777277229444635079e-03 3.422401191653257329e-03
5.868374758372587530e+04 4.735568836221570183e-03 3.392521649853010718e-03
5.972192812049623899e+04 4.694224431286908410e-03 3.362902866198491918e-03
6.077847522162739187e+04 4.653241122511536307e-03 3.333542768792750050e-03
6.185371381199942698e+04 4.612615737955390836e-03 3.304439085284625443e-03
6.294797456477393280e+04 4.572344935481896695e-03 3.275589421395611305e-03
6.406159400308648037e+04 4.532425845307987318e-03 3.246991721237275919e-03
6.519491460354065930e+04 4.492855340677307137e-03 3.218643744827688006e-03
6.634828490153048187e+04 4.453630259267309099e-03 3.190543226705594079e-03
6.752205959842770244e+04 4.414747758371710164e-03 3.162688130380144052e-03
6.871659967066357785e+04 4.376204734451723255e-03 3.135076232502277509e-03
6.993227248074341333e+04 4.337998396184143679e-03 3.107705533391547179e-03
7.116945189022208797e+04 4.300125942313728911e-03 3.080574026252279850e-03
7.242851837468006124e+04 4.262584161254039453e-03 3.053679410330983716e-03
7.370985914073161257e+04 4.225369779885171720e-03 3.027019340792113863e-03
7.501386824510610313e+04 4.188480486216075716e-03 3.000592161344746000e-03
7.634094671583284799e+04 4.151913387025188938e-03 2.974395799309305713e-03
7.769150267557184270e+04 4.115665342941774926e-03 2.948428005667027077e-03
7.906595146712429414e+04 4.079733847756257872e-03 2.922686984990466655e-03
8.046471578116688761e+04 4.044116196134583778e-03 2.897170799201080876e-03
8.188822578624251764e+04 4.008809384338700085e-03 2.871877296446216209e-03
8.333691926105273888e+04 3.973810858679698022e-03 2.846804647284635267e-03
8.481124172908853507e+04 3.939118003069782409e-03 2.821950977573063884e-03
8.631164659564623435e+04 3.904727945806127191e-03 2.797314230047770293e-03
8.783859528726407734e+04 3.870638180972356922e-03 2.772892609491360051e-03
8.939255739362753229e+04 3.836846114198814561e-03 2.748684257319250479e-03
9.097401081198299653e+04 3.803349000856809121e-03 2.724687207302550502e-03
9.258344189410988474e+04 3.770144409001937365e-03 2.700899717216763071e-03
9.422134559588931734e+04 3.737229738060606453e-03 2.677319924032856794e-03
9.588822562952092267e+04 3.704602488649768200e-03 2.653946037213858640e-03
9.758459461843023018e+04 3.672260373985487217e-03 2.630776418527004321e-03
9.931097425492051116e+04 3.640200728019649893e-03 2.607809158037870112e-03
1.010678954606097250e+05 3.608420654542019747e-03 2.585042180925822570e-03
1.028558985497081012e+05 3.576918088495293236e-03 2.562474007801194501e-03
1.046755333951818611e+05 3.545690699967390253e-03 2.540102969534583938e-03
1.065273595978606900e+05 3.514735820255000375e-03 2.517927154289403835e-03
1.084119466585327755e+05 3.484051151091703980e-03 2.495944915606940900e-03
1.103298741530869011e+05 3.453634514116872469e-03 2.474154692927975092e-03
1.122817319107503426e+05 3.423483379513622953e-03 2.452554673912990535e-03
1.142681201954844873e+05 3.393595413330721764e-03 2.431143186538969360e-03
1.162896498905850749e+05 3.363968494755887901e-03 2.409918711473846026e-03
1.183469426865508576e+05 3.334600195519638304e-03 2.388879509125807054e-03
1.204406312722731382e+05 3.305488262173041612e-03 2.368023965143004061e-03
1.225713595296124113e+05 3.276630570644254500e-03 2.347350557858251998e-03
1.247397827314124152e+05 3.248024773235305175e-03 2.326857605400485269e-03
1.269465677430203068e+05 3.219668732293010701e-03 2.306543576372959217e-03
1.291923932273687678e+05 3.191560301373547615e-03 2.286406933081387705e-03
1.314779498536915344e+05 3.163697253631766234e-03 2.266446080232650904e-03
1.338039405099260912e+05 3.136077678896834718e-03 2.246659649396444847e-03
1.361710805188770464e+05 3.108699398176496473e-03 2.227046079561060751e-03
1.385800978582007228e+05 3.081559950873376773e-03 2.207603607975252864e-03
1.410317333842865482e+05 3.054657317692918966e-03 2.188330788033398134e-03
1.435267410600941803e+05 3.027989702867367201e-03 2.169226333262593964e-03
1.460658881870242185e+05 3.001554900092978477e-03 2.150288663085410997e-03
1.486499556408876670e+05 2.975350725467212649e-03 2.131516212972454742e-03
1.512797381120559876e+05 2.949375443531012438e-03 2.112907739655465588e-03
1.539560443498533859e+05 2.923626972000032027e-03 2.094461751403466510e-03
1.566796974112767493e+05 2.898103163890143174e-03 2.076176710135102521e-03
1.594515349141114566e+05 2.872802268358965079e-03 2.058051361561629138e-03
1.622724092945318844e+05 2.847722290250008503e-03 2.040084276369735425e-03
1.651431880692524137e+05 2.822861177001730840e-03 2.022273984121607769e-03
1.680647541023203230e+05 2.798217174989836402e-03 2.004619228535565057e-03
1.710380058766244329e+05 2.773788332101231185e-03 1.987118611134219143e-03
1.740638577702135954e+05 2.749572711073284062e-03 1.969770744078929575e-03
1.771432403374972637e+05 2.725568557791304292e-03 1.952574370736696657e-03
1.802771005954244465e+05 2.701773948901666205e-03 1.935528113233175602e-03
1.834664023147213447e+05 2.678187184318872507e-03 1.918630753641427204e-03
1.867121263162888063e+05 2.654806528959299979e-03 1.901881048962149236e-03
1.900152707728356763e+05 2.631629987804830900e-03 1.885277569981157631e-03
1.933768515158532246e+05 2.608655521355245522e-03 1.868818855617662396e-03
1.967979023480152537e+05 2.585881729436034088e-03 1.852503902798432068e-03
2.002794753611130582e+05 2.563306832917807213e-03 1.836331436970148941e-03
2.038226412596070440e+05 2.540928878594579058e-03 1.820300058872486920e-03
2.074284896899071173e+05 2.518746311399099741e-03 1.804408654468358814e-03
2.110981295754731982e+05 2.496757488771001159e-03 1.788656047041344791e-03
2.148326894578530046e+05 2.474960552270977221e-03 1.773040905221169540e-03
2.186333178437440656e+05 2.453353894835723446e-03 1.757562077721210167e-03
2.225011835582013009e+05 2.431935938026214949e-03 1.742218433761036659e-03
2.264374761040876328e+05 2.410704907074835441e-03 1.727008701912070062e-03
2.304434060278926627e+05 2.389659223182723745e-03 1.711931751136096117e-03
2.345202052920142014e+05 2.368797321379565498e-03 1.696986460301554622e-03
2.386691276536313526e+05 2.348117497372820706e-03 1.682171608467617320e-03
2.428914490502743283e+05 2.327618232768471646e-03 1.667486107869592523e-03
2.471884679922253999e+05 2.307297955473147904e-03 1.652928832273023192e-03
2.515615059618519444e+05 2.287155071476537280e-03 1.638498639742340000e-03
2.560119078200100921e+05 2.267188209162398181e-03 1.624194547663214720e-03
2.605410422196320142e+05 2.247395769740426902e-03 1.610015410675731283e-03
2.651503020266403328e+05 2.227775950468827756e-03 1.595959937310844267e-03
2.698411047482984723e+05 2.208327338916186728e-03 1.582027115714576982e-03
2.746148929691456724e+05 2.189048624155073407e-03 1.568216006749555223e-03
2.794731347946372116e+05 2.169938200563467038e-03 1.554525460161679338e-03
2.844173243026442942e+05 2.150994490817453777e-03 1.540954345969374872e-03
2.894489820029305411e+05 2.132216251902953504e-03 1.527501773687818575e-03
2.945696553047638154e+05 2.113601975177608477e-03 1.514166662538326234e-03
2.997809189927933621e+05 2.095150099707309733e-03 1.500947894280840874e-03
3.050843757113578031e+05 2.076859367919590103e-03 1.487844568001034980e-03
3.104816564573493088e+05 2.058728342097371385e-03 1.474855653730495477e-03
3.159744210818040301e+05 2.040755527514479147e-03 1.461980080659973369e-03
3.215643588003587211e+05 2.022939661162263033e-03 1.449216943980705151e-03
3.272531887127509108e+05 2.005279340694501259e-03 1.436565239063661119e-03
3.330426603314966196e+05 1.987773150094924307e-03 1.424023951486707087e-03
3.389345541199285653e+05 1.970419831172605298e-03 1.411592179892453072e-03
3.449306820397452102e+05 1.953217997233315604e-03 1.399268930864829182e-03
3.510328881082598236e+05 1.936166398886242628e-03 1.387053309350772716e-03
3.572430489654943231e+05 1.919263812696305480e-03 1.374944438891691559e-03
3.635630744513141690e+05 1.902508814412100929e-03 1.362941299165870137e-03
3.699949081927642692e+05 1.885899878256028141e-03 1.351042797119079075e-03
3.765405282018106664e+05 1.869435982653732059e-03 1.339248200904049821e-03
3.832019474836419686e+05 1.853115890338028794e-03 1.327556624152987676e-03
3.899812146557411761e+05 1.836938188680601724e-03 1.315967054870857559e-03
3.968804145779004903e+05 1.820901688100248208e-03 1.304478640851700890e-03
4.039016689933971502e+05 1.805005262194613828e-03 1.293090575150352469e-03
4.110471371814972954e+05 1.789247585384183721e-03 1.281801908132806965e-03
4.183190166215120116e+05 1.773627415436902170e-03 1.270611749874476582e-03
4.257195436685918830e+05 1.758143670962359229e-03 1.259519325676375151e-03
4.332509942414939869e+05 1.742795087176515680e-03 1.248523729457864202e-03
4.409156845224988647e+05 1.727580452778864576e-03 1.237624093453456881e-03
4.487159716697207186e+05 1.712498688011316553e-03 1.226819644133547585e-03
4.566542545420077513e+05 1.697548569314963774e-03 1.216109504950834775e-03
4.647329744366854429e+05 1.682728950176958036e-03 1.205492854553166359e-03
4.729546158403349691e+05 1.668038738327900714e-03 1.194968910447938206e-03
4.813217071928529767e+05 1.653476752554593806e-03 1.184536826423960220e-03
4.898368216650459217e+05 1.639041989475579966e-03 1.174195883667202402e-03
4.985025779499621131e+05 1.624733360371381557e-03 1.163945302228196243e-03
5.073216410682341666e+05 1.610549615249029206e-03 1.153784186622500586e-03
5.162967231876573642e+05 1.596489519867951620e-03 1.143711652650560495e-03
5.254305844572874485e+05 1.582552245489006167e-03 1.133727106610629785e-03
5.347260338562740944e+05 1.568736687918742632e-03 1.123829757467816786e-03
5.441859300577238901e+05 1.555041638066233158e-03 1.114018739039558756e-03
5.538131823078321759e+05 1.541466159070805590e-03 1.104293380166756697e-03
5.636107513205904979e+05 1.528009250822596511e-03 1.094652964379123211e-03
5.735816501883006422e+05 1.514669769289616989e-03 1.085096672101772261e-03
5.837289453082088148e+05 1.501446720682451464e-03 1.075623791392332470e-03
5.940557573255199241e+05 1.488339157168678444e-03 1.066233643231635905e-03
6.045652620931187412e+05 1.475345991525744841e-03 1.056925448742597777e-03
6.152606916482449742e+05 1.462466237102333800e-03 1.047698501096520083e-03
6.261453352064619539e+05 1.449698958373332649e-03 1.038552130091088387e-03
6.372225401731941383e+05 1.437043110417429151e-03 1.029485587153469847e-03
6.484957131731857080e+05 1.424497746448757018e-03 1.020498194014240545e-03
6.599683210981459124e+05 1.412061926371968763e-03 1.011589277197007123e-03
6.716438921729434514e+05 1.399734654027595237e-03 1.002758123061511580e-03
6.835260170406472171e+05 1.387515096852847763e-03 9.940041351667811345e-04
6.956183498667901149e+05 1.375402312774577250e-03 9.853266386195414905e-04
7.079246094631402520e+05 1.363395222954824843e-03 9.767248605493613657e-04
7.204485804313711124e+05 1.351492814105620301e-03 9.681980750452679352e-04
7.331941143269450404e+05 1.339694386786689046e-03 9.597457810341375592e-04
7.461651308436187683e+05 1.327998991410442396e-03 9.513672982394149897e-04
7.593656190188726177e+05 1.316405600681911422e-03 9.430618907156322487e-04
7.727996384606814245e+05 1.304913439988131425e-03 9.348290035365818115e-04
7.864713205959876068e+05 1.293521652867671767e-03 9.266680231405049865e-04
8.003848699412457645e+05 1.282229264989567363e-03 9.185782515249005980e-04
8.145445653954759473e+05 1.271035445152761010e-03 9.105590932243280179e-04
8.289547615561616840e+05 1.259939388090740601e-03 9.026099713526367432e-04
8.436198900584455114e+05 1.248940170087494902e-03 8.947302241674521183e-04
8.585444609379972098e+05 1.238036958529294866e-03 8.869192551913084163e-04
8.737330640180263435e+05 1.227228962465993969e-03 8.791764977941777994e-04
8.891903703207990620e+05 1.216515295745896133e-03 8.715013171444459077e-04
9.049211335041460115e+05 1.205895156270117953e-03 8.638931386252242731e-04
9.209301913233626401e+05 1.195367750735857725e-03 8.563513939210640495e-04
9.372224671190084191e+05 1.184932233289911997e-03 8.488754770698507665e-04
9.538029713309904328e+05 1.174587901222819836e-03 8.414648846564419526e-04
9.706768030394550879e+05 1.164333963126780837e-03 8.341190497229514786e-04
9.878491515329161193e+05 1.154169509085507285e-03 8.268373204130107651e-04
1.005325297904164530e+06 1.144093653466351015e-03 8.196190622668459227e-04
1.023110616674372228e+06 1.134105820122165978e-03 8.124638625374916564e-04
1.041210577445951756e+06 1.124205215415755195e-03 8.053711526699408553e-04
1.059630746584631503e+06 1.114390963198651522e-03 7.983403049988071652e-04
1.078376788931332063e+06 1.104662391242313899e-03 7.913708379452224400e-04
1.097454469544284279e+06 1.095018795617412350e-03 7.844622472201407196e-04
1.116869655471993377e+06 1.085459356225181070e-03 7.776139453117100102e-04
1.136628317557541654e+06 1.075983339593731365e-03 7.708254067668432376e-04
1.156736532274856698e+06 1.066590087464448300e-03 7.640961600146097682e-04
1.177200483597420854e+06 1.057278825574745106e-03 7.574256503798111433e-04
1.198026464900065446e+06 1.048048819506439480e-03 7.508133517314427140e-04
1.219220880894383648e+06 1.038899420805394465e-03 7.442587995224206289e-04
1.240790249598429771e+06 1.029829885203060276e-03 7.377614605650209892e-04
1.262741204341217410e+06 1.020839510315938760e-03 7.313208316776178717e-04
1.285080495802706806e+06 1.011927642816779979e-03 7.249364448220693962e-04
1.307814994089853717e+06 1.003093562055616282e-03 7.186077837308055272e-04
1.330951690849435981e+06 9.943366563948366661e-04 7.123344102317901751e-04
1.354497701418206794e+06 9.856562859734954371e-04 7.061158659340285816e-04
1.378460267011118587e+06 9.770517028255369663e-04 6.999516150009345988e-04
1.402846756948224967e+06 9.685221024558154056e-04 6.938410810989583321e-04
1.427664670921036275e+06 9.600669900456673895e-04 6.877839097441742783e-04
1.452921641298911767e+06 9.516857363629865028e-04 6.817796501599991676e-04
1.478625435476290528e+06 9.433776084589037218e-04 6.758277772680326440e-04
1.504783958261409774e+06 9.351419681979704834e-04 6.699278339134113721e-04
1.531405254307344323e+06 9.269782722729045946e-04 6.640794308753718766e-04
1.558497510585991666e+06 9.188858474638916330e-04 6.582820858649065989e-04
1.586069058905862970e+06 9.108640124897120086e-04 6.525353108178847620e-04
1.614128378474376630e+06 9.029122395104336937e-04 6.468387275942223420e-04
1.642684098505547969e+06 8.950298972574464952e-04 6.411918839584015333e-04
1.671745000873745885e+06 8.872163248704044739e-04 6.355943064756329171e-04
1.701320022814437281e+06 8.794709836145200551e-04 6.300456092008503315e-04
1.731418259672668995e+06 8.717932688317668989e-04 6.245453589621337851e-04
1.762048967700243229e+06 8.641825508068192233e-04 6.190931046367245541e-04
1.793221566902309423e+06 8.566382907209558334e-04 6.136884602194270580e-04
1.824945643934355583e+06 8.491598945575796423e-04 6.083310001617511873e-04
1.857230955050408375e+06 8.417467896008945299e-04 6.030203141749219823e-04
1.890087429103464354e+06 8.343984841318388690e-04 5.977560499955430389e-04
1.923525170598926023e+06 8.271143784653896660e-04 5.925377780143120145e-04
1.957554462802104419e+06 8.198937837208763145e-04 5.873650047229154840e-04
1.992185770900646923e+06 8.127361653638012036e-04 5.822373471853393859e-04
2.027429745222993661e+06 8.056410851109835347e-04 5.771544914192021760e-04
2.063297224513691152e+06 7.986079556924563852e-04 5.721160167092431562e-04
2.099799239266698714e+06 7.916361519383910894e-04 5.671214751890603758e-04
2.136947015117613599e+06 7.847252344005565877e-04 5.621705520416396887e-04
2.174751976295993663e+06 7.778746793493284328e-04 5.572628720714877144e-04
2.213225749138672836e+06 7.710838912439119943e-04 5.523980086381916760e-04
2.252380165665277280e+06 7.643523754905924388e-04 5.475756074189785201e-04
2.292227267216947395e+06 7.576796541496561357e-04 5.427953260218603294e-04
2.332779308159521781e+06 7.510651688651366967e-04 5.380567644453232044e-04
2.374048759652143810e+06 7.445084083936655186e-04 5.333595564389212668e-04
2.416048313482594211e+06 7.380089104477738794e-04 5.287033708238041141e-04
2.458790885970416944e+06 7.315661425362806388e-04 5.240878261277717807e-04
2.502289621939193923e+06 7.251796076524220360e-04 5.195125662993621898e-04
2.546557898758995347e+06 7.188488436075281393e-04 5.149772602305036084e-04
2.591609330460405909e+06 7.125733362564448713e-04 5.104815395919354987e-04
2.637457771921268199e+06 7.063526534505776538e-04 5.060250947960424428e-04
2.684117323127601296e+06 7.001863484382460237e-04 5.016076057936815456e-04
2.731602333509794902e+06 6.940738915419922706e-04 4.972286931283807039e-04
2.779927406355577055e+06 6.880146905333412582e-04 4.928879325326460592e-04
2.829107403300987557e+06 6.820083869444963079e-04 4.885850672031653808e-04
2.879157448900913820e+06 6.760545597753456941e-04 4.843197955390030366e-04
2.930092935280370526e+06 6.701526959880776393e-04 4.800917500041892148e-04
2.981929526868136134e+06 6.643022964154557354e-04 4.759005729995176466e-04
3.034683165214060340e+06 6.585030063353021360e-04 4.717460104050066557e-04
3.088370073891712818e+06 6.527543610706218252e-04 4.676277293299682994e-04
3.143006763487651478e+06 6.470558555923641058e-04 4.635453679758420116e-04
3.198610036679020617e+06 6.414071062186995058e-04 4.594986514761952804e-04
3.255196993400908541e+06 6.358076910781126564e-04 4.554872776058255593e-04
3.312785036105247214e+06 6.302571329786030166e-04 4.515109045084012484e-04
3.371391875112617388e+06 6.247550263736782565e-04 4.475692416538284415e-04
3.431035534058814868e+06 6.193009702352844040e-04 4.436620017489857170e-04
3.491734355437686667e+06 6.138945117816151618e-04 4.397888604247983434e-04
3.553507006242167670e+06 6.085352483888515880e-04 4.359495292449517201e-04
3.616372483704974409e+06 6.032227839435226656e-04 4.321437244370899189e-04
3.680350121140939184e+06 5.979566861675438645e-04 4.283711363208320458e-04
3.745459593892617617e+06 5.927366063214899346e-04 4.246315150621895345e-04
3.811720925381226931e+06 5.875621593934007370e-04 4.209245848418351004e-04
3.879154493264484219e+06 5.824328917291425904e-04 4.172500206657664933e-04
3.947781035703472327e+06 5.773483032059800605e-04 4.136074642502659150e-04
4.017621657740281429e+06 5.723081124042081165e-04 4.099967139886259628e-04
4.088697837788634934e+06 5.673119585076864466e-04 4.064175113952008260e-04
4.161031434239186347e+06 5.623594060366857335e-04 4.028695444959785594e-04
4.234644692181761377e+06 5.574500369421770980e-04 3.993525138041537450e-04
4.309560250246431679e+06 5.525835588822901020e-04 3.958662098884716007e-04
4.385801147565773688e+06 5.477595807037749813e-04 3.924103525300368382e-04
4.463390830860160291e+06 5.429776749765205740e-04 3.889846355215158258e-04
4.542353161648375914e+06 5.382375207134667064e-04 3.855888289104805332e-04
4.622712423585976474e+06 5.335387673800800123e-04 3.822226815769425501e-04
4.704493329933281057e+06 5.288810134484393365e-04 3.788859058696787772e-04
4.787721031155591831e+06 5.242639133237329049e-04 3.755782542074757630e-04
4.872421122657762840e+06 5.196871366759178842e-04 3.722994899446711316e-04
4.958619652655784041e+06 5.151503040538324852e-04 3.690493412456472824e-04
5.046343130187438801e+06 5.106530705049731889e-04 3.658275609893340261e-04
5.135618533264789730e+06 5.061951102658568576e-04 3.626339158015147641e-04
5.226473317170772702e+06 5.017760591084426429e-04 3.594681447522868659e-04
5.318935422902770340e+06 4.973956175626961622e-04 3.563300333038389332e-04
5.413033285765357316e+06 4.930534755537669626e-04 3.532193593211580538e-04
5.508795844115184620e+06 4.887492597046206753e-04 3.501358553200801236e-04
5.606252548260436393e+06 4.844825392263530772e-04 3.470792126870604838e-04
5.705433369517961517e+06 4.802530504336666672e-04 3.440492425201718309e-04
5.806368809430398047e+06 4.760605212780169462e-04 3.410457499261268922e-04
5.909089909146501683e+06 4.719045955395659449e-04 3.380684797120324294e-04
6.013628258967284113e+06 4.677848953585437685e-04 3.351171611823302427e-04
6.120016008061267436e+06 4.637011776896269666e-04 3.321916202213965035e-04
6.228285874351372942e+06 4.596531333163964678e-04 3.292916353091915956e-04
6.338471154576865025e+06 4.556404046620629133e-04 3.264169502807137647e-04
6.450605734533155337e+06 4.516626908750741905e-04 3.235673496084437309e-04
6.564724099493009970e+06 4.477197241721955312e-04 3.207426414547263037e-04
6.680861344811866060e+06 4.438111769479909921e-04 3.179425911257849173e-04
6.799053186720924452e+06 4.399367261767354268e-04 3.151669672087093615e-04
6.919335973311017267e+06 4.360961148098572797e-04 3.124155855560669282e-04
7.041746695711074397e+06 4.322890347738941397e-04 3.096882254666222267e-04
7.166322999464068562e+06 4.285151718709939174e-04 3.069846618516794195e-04
7.293103196104380302e+06 4.247742656596300323e-04 3.043047081331209675e-04
7.422126274939806201e+06 4.210660195038628769e-04 3.016481518034568586e-04
7.553431915042302571e+06 4.173901466188972126e-04 2.990147874124740980e-04
7.687060497450554743e+06 4.137464172504462089e-04 2.964044503661356100e-04
7.823053117588613182e+06 4.101345375911307780e-04 2.938169301833082748e-04
7.961451597904031165e+06 4.065541652313871095e-04 2.912519815646631748e-04
8.102298500729907304e+06 4.030049724656856072e-04 2.887093697447172687e-04
8.245637141374155879e+06 3.994867937975040231e-04 2.861889761631555081e-04
8.391511601440532133e+06 3.959993525069295311e-04 2.836906025801615118e-04
8.539966742385113612e+06 3.925423288317022750e-04 2.812140199207444242e-04
8.691048219312962145e+06 3.891154556511908680e-04 2.787590368219322275e-04
8.844802495018519461e+06 3.857185264663240496e-04 2.763255053495288329e-04
9.001276854274587706e+06 3.823512610005640015e-04 2.739132247157817675e-04
9.160519418373901397e+06 3.790133564144103936e-04 2.715219779690223787e-04
9.322579159928308800e+06 3.757045997202379138e-04 2.691516125267089045e-04
9.487505917929405347e+06 3.724247435070244454e-04 2.668019511456678106e-04
9.655350413075823337e+06 3.691735031089600754e-04 2.644727898937091143e-04
9.826164263371452689e+06 3.659506196354818451e-04 2.621639433038131439e-04
1.000000000000000000e+07 3.627558727131656555e-04 2.598752535023136109e-04
