1.e7	4.346400135745776e-8
1.0115794542598983e7	4.447640800556769e-8
1.0232929922807537e7	4.551239663391702e-8
1.035142166679343e7	4.6572516537389446e-8
1.0471285480508985e7	4.765732980559013e-8
1.0592537251772897e7	4.8767411620873275e-8
1.0715193052376071e7	4.990335056331061e-8
1.0839269140212039e7	5.106574892276555e-8
1.0964781961431852e7	5.225522301823443e-8
1.109174815262401e7	5.347240352462722e-8
1.122018454301963e7	5.47179358071597e-8
1.1350108156723144e7	5.599248026353465e-8
1.1481536214968817e7	5.7296712674093424e-8
1.1614486138403438e7	5.8631324560123864e-8
1.1748975549395302e7	5.999702355051318e-8
1.188502227437019e7	6.139453375694349e-8
1.202264434617413e7	6.282459615782443e-8
1.2161860006463679e7	6.42879689911701e-8
1.230268770812381e7	6.578542815662676e-8
1.2445146117713844e7	6.731776762686515e-8
1.2589254117941663e7	6.888579986855528e-8
1.2735030810166629e7	7.049035627314736e-8
1.288249551693135e7	7.213228759768538e-8
1.3031667784523001e7	7.381246441589134e-8
1.3182567385564074e7	7.553177757975409e-8
1.333521432163324e7	7.729113869187092e-8
1.3489628825916532e7	7.909148058879131e-8
1.3645831365889238e7	8.093375783561941e-8
1.3803842646028839e7	8.281894723213691e-8
1.3963683610559363e7	8.474804833071521e-8
1.4125375446227554e7	8.672208396629185e-8
1.4288939585111037e7	8.874210079868951e-8
1.445439770745928e7	9.080916986757127e-8
1.4621771744567184e7	9.292438716031826e-8
1.4791083881682072e7	9.50888741931373e-8
1.4962356560944328e7	9.730377860570358e-8
1.5135612484362071e7	9.95702747696544e-8
1.5310874616820287e7	1.0188956441125647e-7
1.5488166189124828e7	1.0426287724857769e-7
1.5667510701081501e7	1.0669147164349796e-7
1.5848931924611142e7	1.0917663526891221e-7
1.6032453906900417e7	1.1171968579146963e-7
1.62181009735893e7	1.1432197157021859e-7
1.6405897731995387e7	1.1698487237152416e-7
1.6595869074375596e7	1.1970980010063902e-7
1.678804018122559e7	1.2249819955031378e-7
1.698243652461746e7	1.2535154916684596e-7
1.7179083871575896e7	1.2827136183396983e-7
1.737800828749376e7	1.312591856750102e-7
1.757923613958693e7	1.3431660487371625e-7
1.7782794100389227e7	1.3744524051421678e-7
1.7988709151287872e7	1.406467514405407e-7
1.8197008586099826e7	1.4392283513615834e-7
1.8407720014689546e7	1.472752286240091e-7
1.8620871366628658e7	1.507057093874943e-7
1.883649089489802e7	1.5421609631292337e-7
1.905460717963248e7	1.5780825065390823e-7
1.9275249131909367e7	1.6148407701822898e-7
1.9498445997580454e7	1.652455243776792e-7
1.9724227361148532e7	1.6909458710143752e-7
1.9952623149688788e7	1.7303330601350857e-7
2.0183663636815596e7	1.7706376947479448e-7
2.0417379446695276e7	1.8118811449037208e-7
2.0653801558105312e7	1.8540852784256132e-7
2.0892961308540408e7	1.8972724725038398e-7
2.1134890398366477e7	1.941465625560359e-7
2.1379620895022325e7	1.9866881693898847e-7
2.1627185237270202e7	2.0329640815837477e-7
2.187761623949552e7	2.080317898243127e-7
2.2130947096056364e7	2.1287747269884178e-7
2.2387211385683376e7	2.1783602602716224e-7
2.2646443075930618e7	2.2291007889988385e-7
2.290867652767775e7	2.281023216470011e-7
2.3173946499684796e7	2.334155072643466e-7
2.3442288153199226e7	2.388524528732633e-7
2.3713737056616552e7	2.4441604121427927e-7
2.3988329190194897e7	2.5010922217557573e-7
2.426610095082414e7	2.559350143570568e-7
2.4547089156850286e7	2.6189650667085037e-7
2.483133105295568e7	2.679968599790907e-7
2.5118864315095823e7	2.742393087698511e-7
2.5409727055493064e7	2.806271628721064e-7
2.5703957827688646e7	2.8716380921065607e-7
2.600159563165272e7	2.938527136019117e-7
2.6302679918953814e7	3.0069742259151953e-7
2.6607250597988084e7	3.0770156533478643e-7
2.6915348039269138e7	3.1486885552090535e-7
2.7227013080779098e7	3.2220309334200343e-7
2.754228703338169e7	3.2970816750805505e-7
2.7861211686297722e7	3.373880573087218e-7
2.818382931264455e7	3.4524683472323215e-7
2.8510182675039098e7	3.532886665793951e-7
2.8840315031266056e7	3.615178167629067e-7
2.917427014001166e7	3.6993864847811993e-7
2.9512092266663842e7	3.7855562656147335e-7
2.9853826189179573e7	3.873733198488055e-7
3.019951720402019e7	3.963964035978153e-7
3.0549211132155154e7	4.056296619669375e-7
3.090295432513592e7	4.150779905519783e-7
3.126079367123956e7	4.247463989818162e-7
3.162277660168379e7	4.346400135745776e-7
3.198895109691397e7	4.447640800556768e-7
3.235936569296281e7	4.5512396633917015e-7
3.2734069487883795e7	4.657251653738945e-7
3.3113112148259077e7	4.765732980559013e-7
3.3496543915782794e7	4.876741162087328e-7
3.388441561392027e7	4.990335056331059e-7
3.427677865464505e7	5.106574892276556e-7
3.4673685045253165e7	5.225522301823441e-7
3.5075187395256795e7	5.347240352462723e-7
3.548133892335753e7	5.47179358071597e-7
3.58921934645005e7	5.599248026353465e-7
3.6307805477010176e7	5.729671267409364e-7
3.67282300498085e7	5.863132456012386e-7
3.715352290971728e7	5.999702355051318e-7
3.758374042884443e7	6.139453375694347e-7
3.8018939632056125e7	6.282459615782444e-7
3.845917820453535e7	6.428796899117011e-7
3.890451449942805e7	6.578542815662677e-7
3.935500754557773e7	6.731776762686515e-7
3.981071705534969e7	6.888579986855528e-7
4.027170343254595e7	7.049035627314737e-7
4.07380277804113e7	7.213228759768535e-7
4.120975190973304e7	7.381246441589134e-7
4.168693834703355e7	7.553177757975411e-7
4.2169650342858225e7	7.72911386918709e-7
4.265795188015926e7	7.909148058879132e-7
4.31519076827765e7	8.093375783561942e-7
4.365158322401656e7	8.281894723213687e-7
4.415704473533121e7	8.474804833071518e-7
4.466835921509635e7	8.672208396629183e-7
4.518559443749226e7	8.874210079868953e-7
4.570881896148752e7	9.080916986757125e-7
4.623810213992603e7	9.292438716031824e-7
4.6773514128719814e7	9.508887419313733e-7
4.7315125896148026e7	9.73037786057036e-7
4.78630092322638e7	9.957027476965444e-7
4.841723675840999e7	1.0188956441125692e-6
4.897788193684466e7	1.0426287724857767e-6
4.9545019080479056e7	1.0669147164349795e-6
5.011872336272725e7	1.0917663526891219e-6
5.0699070827470444e7	1.1171968579146965e-6
5.128613839913648e7	1.1432197157021856e-6
5.188000389289609e7	1.1698487237152419e-6
5.248074602497723e7	1.1970980010063904e-6
5.3088444423098795e7	1.2249819955031377e-6
5.370317963702533e7	1.2535154916684599e-6
5.432503314924336e7	1.2827136183396982e-6
5.495408738576248e7	1.3125918567501023e-6
5.559042572704037e7	1.3431660487371622e-6
5.623413251903491e7	1.3744524051421679e-6
5.688529308438413e7	1.4064675144054077e-6
5.754399373371567e7	1.4392283513615837e-6
5.82103217770871e7	1.4727522862400909e-6
5.888436553555884e7	1.5070570938749434e-6
5.956621435290109e7	1.542160963129233e-6
6.025595860743581e7	1.5780825065390827e-6
6.0953689724016935e7	1.6148407701822894e-6
6.165950018614822e7	1.6524552437767917e-6
6.237348354824191e7	1.6909458710143755e-6
6.3095734448019296e7	1.7303330601350857e-6
6.3826348619054824e7	1.7706376947479449e-6
6.456542290346563e7	1.8118811449037278e-6
6.531305526474729e7	1.8540852784256132e-6
6.606934480075964e7	1.8972724725038403e-6
6.6834391756861486e7	1.9414656255603577e-6
6.760829753919819e7	1.9866881693898848e-6
6.839116472814293e7	2.032964081583748e-6
6.918309709189363e7	2.080317898243127e-6
6.998419960022731e7	2.128774726988418e-6
7.079457843841374e7	2.1783602602716227e-6
7.161434102129027e7	2.229100788998839e-6
7.244359600749905e7	2.28102321647001e-6
7.328245331389044e7	2.3341550726434665e-6
7.413102413009177e7	2.3885245287326336e-6
7.498942093324558e7	2.444160412142793e-6
7.585775750291836e7	2.501092221755759e-6
7.673614893618186e7	2.559350143570568e-6
7.762471166286911e7	2.6189650667085028e-6
7.85235634610071e7	2.6799685997909076e-6
7.943282347242822e7	2.7423930876985106e-6
8.035261221856177e7	2.806271628721063e-6
8.128305161640996e7	2.8716380921065613e-6
8.222426499470712e7	2.9385271360191176e-6
8.317637711026709e7	3.006974225915196e-6
8.413951416451947e7	3.0770156533478644e-6
8.511380382023759e7	3.148688555209054e-6
8.609937521846016e7	3.222030933420049e-6
8.709635899560814e7	3.2970816750805506e-6
8.810488730080147e7	3.3738805730872174e-6
8.91250938133746e7	3.4524683472323225e-6
9.015711376059571e7	3.5328866657939506e-6
9.120108393559097e7	3.615178167629067e-6
9.225714271547629e7	3.6993864847812e-6
9.332543007969905e7	3.785556265614732e-6
9.440608762859227e7	3.8737331984880555e-6
9.549925860214369e7	3.963964035978153e-6
9.66050878989814e7	4.056296619669377e-6
9.772372209558111e7	4.150779905519782e-6
9.88553094656939e7	4.247463989818161e-6
1.e8	4.346400135745776e-6
1.0115794542599003e8	4.447640800556786e-6
1.0232929922807537e8	4.551239663391703e-6
1.0351421666793452e8	4.6572516537389635e-6
1.0471285480508985e8	4.765732980559012e-6
1.0592537251772897e8	4.876741162087328e-6
1.0715193052376048e8	4.99033505633104e-6
1.0839269140212038e8	5.106574892276554e-6
1.0964781961431828e8	5.225522301823421e-6
1.109174815262401e8	5.347240352462724e-6
1.1220184543019652e8	5.471793580715991e-6
1.1350108156723143e8	5.599248026353464e-6
1.1481536214968841e8	5.729671267409364e-6
1.1614486138403414e8	5.863132456012361e-6
1.1748975549395303e8	5.999702355051319e-6
1.1885022274370165e8	6.1394533756943224e-6
1.2022644346174131e8	6.282459615782445e-6
1.2161860006463704e8	6.428796899117038e-6
1.230268770812381e8	6.578542815662675e-6
1.2445146117713869e8	6.73177676268654e-6
1.2589254117941661e8	6.8885799868555274e-6
1.2735030810166629e8	7.049035627314736e-6
1.2882495516931322e8	7.213228759768507e-6
1.3031667784523e8	7.381246441589133e-6
1.31825673855641e8	7.553177757975441e-6
1.333521432163324e8	7.729113869187091e-6
1.348962882591656e8	7.909148058879164e-6
1.364583136588924e8	8.09337578356194e-6
1.3803842646028867e8	8.281894723213722e-6
1.3963683610559362e8	8.47480483307152e-6
1.4125375446227553e8	8.672208396629181e-6
1.4288939585111007e8	8.874210079868915e-6
1.445439770745928e8	9.080916986757126e-6
1.4621771744567153e8	9.292438716031787e-6
1.479108388168207e8	9.508887419313729e-6
1.4962356560944358e8	9.730377860570399e-6
1.5135612484362072e8	9.95702747696544e-6
1.5310874616820318e8	0.00001018895644112569
1.5488166189124796e8	0.000010426287724857726
1.5667510701081502e8	0.000010669147164349802
1.584893192461111e8	0.000010917663526891177
1.6032453906900418e8	0.000011171968579146967
1.621810097358933e8	0.000011432197157021908
1.640589773199539e8	0.00001169848723715243
1.659586907437563e8	0.000011970980010063967
1.678804018122559e8	0.000012249819955031401
1.698243652461746e8	0.000012535154916684635
1.717908387157586e8	0.00001282713618339699
1.7378008287493762e8	0.000013125918567501112
1.7579236139586967e8	0.000013431660487371815
1.7782794100389227e8	0.000013744524051421875
1.798870915128791e8	0.000014064675144054434
1.8197008586099824e8	0.00001439228351361628
1.8407720014689583e8	0.000014727522862401626
1.8620871366628656e8	0.000015070570938750402
1.883649089489802e8	0.000015421609631293757
1.9054607179632443e8	0.00001578082506539283
1.9275249131909367e8	0.000016148407701825905
1.9498445997580415e8	0.0000165245524377722
1.9724227361148533e8	0.000016909458710150027
1.9952623149688828e8	0.000017303330601359934
2.0183663636815596e8	0.000017706376947492334
2.0417379446695316e8	0.00001811881144905563
2.065380155810527e8	0.0000185408527842821
2.089296130854041e8	0.00001897272472507521
2.1134890398366433e8	0.00001941465625565534
2.1379620895022324e8	0.000019866881693971562
2.1627185237270245e8	0.000020329640815939203
2.187761623949552e8	0.000020803178982572833
2.213094709605641e8	0.000021287747270080732
2.238721138568338e8	0.00002178360260298791
2.264644307593062e8	0.000022291007890362768
2.29086765276777e8	0.000022810232165214113
2.3173946499684796e8	0.00002334155072713823
2.3442288153199276e8	0.000023885245288286013
2.3713737056616554e8	0.000024441604122732327
2.3988329190194947e8	0.000025010922219324936
2.4266100950824144e8	0.00002559350143809218
2.4547089156850335e8	0.000026189650670297464
2.4831331052955678e8	0.00002679968600221919
2.511886431509582e8	0.0000274239308827499
2.5409727055493012e8	0.000028062716294896877
2.5703957827688646e8	0.000028716380931282395
2.6001595631652668e8	0.000029385271373729875
2.6302679918953815e8	0.000030069742277038882
2.660725059798814e8	0.00003077015655703976
2.691534803926914e8	0.000031486885583034025
2.7227013080779153e8	0.00003222030937472126
2.7542287033381635e8	0.00003297081680371485
2.786121168629772e8	0.000033738805799761275
2.8183829312644494e8	0.00003452468356176548
2.8510182675039095e8	0.00003532886677374418
2.884031503126612e8	0.000036151781825815344
2.9174270140011656e8	0.000036993865040349827
2.9512092266663903e8	0.000037855562903405646
2.985382618917957e8	0.000038737332301567006
3.019951720402019e8	0.00003963964076432569
3.054921113215509e8	0.00004056296671212755
3.090295432513592e8	0.000041507799710231664
3.126079367123962e8	0.000042474640728512016
3.1622776601683795e8	0.00004346400240735557
3.1988951096914035e8	0.00004447640932980201
3.235936569296281e8	0.000045512398300076176
3.273406948788386e8	0.00004657251862868011
3.311311214825908e8	0.00004765733242419815
3.349654391578279e8	0.000048767414891995904
3.3884415613920206e8	0.000049903354639976856
3.427677865464505e8	0.0000510657539915897
3.46736850452531e8	0.00005225522930626281
3.5075187395256793e8	0.000053472411307473214
3.5481338923357606e8	0.000054717945418640596
3.58921934645005e8	0.00005599249210706661
3.630780547701018e8	0.000057296727236135706
3.6728230049808425e8	0.00005863134242600022
3.715352290971728e8	0.0000599970454229997
3.7583740428844357e8	0.00006139456047804822
3.8018939632056123e8	0.00006282462873426487
3.845917820453543e8	0.00006428800862410306
3.8904514499428046e8	0.00006578547627627561
3.9355007545577806e8	0.00006731782593276755
3.981071705534969e8	0.00006888587037624353
4.027170343254595e8	0.00007049044136818993
4.073802778041122e8	0.00007213239009811807
4.120975190973304e8	0.00007381258764420678
4.168693834703364e8	0.00007553192544574583
4.2169650342858225e8	0.0000772913157877919
4.265795188015934e8	0.00007909169229845163
4.31519076827765e8	0.00008093401045922404
4.3651583224016654e8	0.00008281924812888298
4.415704473533121e8	0.0000847484060813658
4.466835921509635e8	0.0000867225085582036
4.518559443749217e8	0.00008874260383601012
4.570881896148752e8	0.00009080976480961915
4.623810213992594e8	0.0000929250895914456
4.677351412871981e8	0.00009508970212771987
4.731512589614813e8	0.00009730475283223369
4.7863009232263803e8	0.0000995714192383078
4.841723675840999e8	0.00010189090666970306
4.8977881936844563e8	0.00010426444893122927
4.9545019080479056e8	0.00010669330901987359
5.011872336272715e8	0.00010917877985726151
5.0699070827470446e8	0.000111722185044357
5.1286138399136585e8	0.00011432487963929393
5.188000389289609e8	0.00011698825095932213
5.248074602497734e8	0.00011971371940786413
5.308844442309879e8	0.00012250273932771992
5.370317963702532e8	0.0001253567998815368
5.432503314924325e8	0.00012827742596065162
5.495408738576248e8	0.00013126617912352065
5.559042572704048e8	0.00013432465856493613
5.623413251903491e8	0.00013745450211733153
5.688529308438425e8	0.0001406573872854906
5.754399373371567e8	0.00014393503231601847
5.821032177708721e8	0.0001472891973030266
5.888436553555884e8	0.00015072168533144186
5.956621435290109e8	0.00015423434365953567
6.025595860743569e8	0.00015782906494213447
6.095368972401694e8	0.00016150778849619837
6.16595001861481e8	0.00016527250161036262
6.237348354824191e8	0.0001691252409001758
6.309573444801943e8	0.00017306809371073426
6.382634861905483e8	0.0001771031995685217
6.456542290346563e8	0.000181232751684261
6.531305526474717e8	0.0001854589985086194
6.606934480075965e8	0.0001897842453426946
6.683439175686135e8	0.0001942108560051848
6.760829753919818e8	0.00019874125455820118
6.839116472814307e8	0.000203377927093736
6.918309709189363e8	0.00020812342358279346
6.998419960022745e8	0.00021298035978923574
7.079457843841373e8	0.00021795141925039083
7.161434102129027e8	0.0002230393553265559
7.244359600749891e8	0.00022824699332144637
7.328245331389045e8	0.00023357723267577196
7.413102413009192e8	0.00023903304923601228
7.498942093324559e8	0.00024461749760058105
7.585775750291852e8	0.0002503337135455052
7.673614893618186e8	0.0002561849165317466
7.762471166286927e8	0.0002621744122963616
7.852356346100711e8	0.0002683055955295767
7.943282347242821e8	0.00027458195263998104
8.03526122185616e8	0.000281007064609887
8.128305161640995e8	0.0002875846099430378
8.222426499470695e8	0.00029431836770667924
8.317637711026709e8	0.00030121222067013535
8.413951416451964e8	0.00030827015854186337
8.511380382023759e8	0.00031549628130706013
8.609937521846017e8	0.0003228948026677867
8.709635899560796e8	0.00033047005358754274
8.810488730080147e8	0.0003382264859422629
8.912509381337441e8	0.0003461686762795518
9.01571137605957e8	0.00035430132968807313
9.120108393559115e8	0.000362629283778815
9.225714271547629e8	0.0003711575127800532
9.332543007969924e8	0.00037989113174769824
9.440608762859226e8	0.00038883540089266127
9.549925860214369e8	0.0003979957300269263
9.660508789898121e8	0.00040737768312980706
9.772372209558111e8	0.000416986983036005
9.88553094656941e8	0.00042682951624683737
1.e9	0.00043691133786614007
1.0115794542598962e9	0.0004472386766621776
1.0232929922807536e9	0.0004578179402568748
1.0351421666793451e9	0.0004686557204436695
1.0471285480508986e9	0.00047975879863515334
1.0592537251772897e9	0.0004911341514419099
1.0715193052376093e9	0.0005027889563832693
1.083926914021204e9	0.0005147305977315397
1.0964781961431828e9	0.0005269666724905146
1.1091748152624009e9	0.00053950499650936
1.1220184543019652e9	0.0005523536107328835
1.1350108156723144e9	0.000565520787589197
1.148153621496884e9	0.0005790150375157096
1.1614486138403413e9	0.0005928451156243532
1.1748975549395304e9	0.0006070200285070836
1.1885022274370165e9	0.0006215490411824392
1.202264434617413e9	0.0006364416841842473
1.2161860006463704e9	0.0006517077607932468
1.230268770812381e9	0.0006673573544127151
1.2445146117713869e9	0.0006834008360890096
1.258925411794166e9	0.0006998488721779642
1.2735030810166628e9	0.0007167124321583154
1.2882495516931322e9	0.0007340027965930483
1.3031667784523e9	0.0007517315652399829
1.31825673855641e9	0.0007699106653125869
1.333521432163324e9	0.0007885523598924315
1.3489628825916505e9	0.0008076692564945377
1.364583136588924e9	0.0008272743157870197
1.3803842646028867e9	0.0008473808604665331
1.3963683610559363e9	0.0008680025842912062
1.4125375446227555e9	0.0008891535612727113
1.4288939585111065e9	0.0009108482550293005
1.445439770745928e9	0.0009331015283018383
1.4621771744567153e9	0.0009559286526349693
1.4791083881682072e9	0.0009793453182255925
1.496235656094436e9	0.0010033676439411318
1.513561248436207e9	0.0010280121875102179
1.5310874616820319e9	0.0010532959558885529
1.5488166189124796e9	0.001079236415802795
1.5667510701081502e9	0.0011058515044758627
1.5848931924611108e9	0.0011331596405367344
1.6032453906900418e9	0.0011611797351186045
1.6218100973589332e9	0.0011899312031489172
1.6405897731995387e9	0.001219433974835529
1.6595869074375632e9	0.0012497085073531445
1.6788040181225588e9	0.0012807757967345202
1.698243652461746e9	0.001312657389971317
1.7179083871575859e9	0.0013453753973293936
1.7378008287493763e9	0.0013789525048841299
1.7579236139586966e9	0.0014134119872809864
1.7782794100389228e9	0.0014487777207274153
1.7988709151287837e9	0.001485074196222106
1.8197008586099825e9	0.0015223265330279172
1.8407720014689581e9	0.0015605604923952297
1.8620871366628656e9	0.001599802491542746
1.8836490894898021e9	0.0016400796179029881
1.905460717963252e9	0.0016814196436399256
1.9275249131909366e9	0.0017238510404468596
1.9498445997580414e9	0.0017674029946326295
1.9724227361148534e9	0.00181210542250458
1.9952623149688828e9	0.001857988986057157
2.0183663636815596e9	0.0019050851089753192
2.0417379446695316e9	0.0019534259929621617
2.065380155810527e9	0.0020030446344002978
2.0892961308540409e9	0.0020539748413574916
2.1134890398366432e9	0.0021062512509463995
2.1379620895022326e9	0.0021599093470496397
2.1627185237270246e9	0.0022149854784206807
2.187761623949552e9	0.0022715168771722995
2.213094709605641e9	0.0023295416776640734
2.238721138568338e9	0.0023890989358006645
2.264644307593062e9	0.002450228648753636
2.29086765276777e9	0.0025129717751187796
2.3173946499684796e9	0.0025773702555224845
2.3442288153199277e9	0.0026434670336896934
2.3713737056616554e9	0.0027113060779875115
2.398832919019485e9	0.002780932403458054
2.426610095082414e9	0.002852392094354589
2.454708915685034e9	0.0029257323271955097
2.483133105295568e9	0.003001001394351004
2.511886431509582e9	0.003078248728177435
2.5409727055493116e9	0.0031575249257145294
2.5703957827688646e9	0.003238881773961557
2.600159563165267e9	0.003322372275748261
2.6302679918953815e9	0.003408050676216766
2.660725059798814e9	0.003495972489931194
2.6915348039269137e9	0.0035861945286323207
2.7227013080779157e9	0.003678774929653863
2.7542287033381634e9	0.0037737731850185073
2.786121168629772e9	0.003871250171231801
2.818382931264449e9	0.003971268179791426
2.8510182675039096e9	0.004073890948431544
2.8840315031266117e9	0.004179183693120077
2.917427014001166e9	0.004287213140829161
2.95120922666639e9	0.004398047563098103
2.9853826189179573e9	0.004511756810408481
3.019951720402019e9	0.004628412347392762
3.0549211132155094e9	0.004748087288896071
3.0902954325135922e9	0.004870856436913493
3.126079367123962e9	0.004996796318423269
3.1622776601683793e9	0.005125985224138912
3.1988951096913905e9	0.0052585032482021935
3.235936569296281e9	0.005394432328839376
3.2734069487883863e9	0.005533856290004988
3.3113112148259077e9	0.005676860884035795
3.3496543915782795e9	0.005823533835340029
3.3884415613920345e9	0.005973964885145468
3.4276778654645047e9	0.006128245837332574
3.4673685045253096e9	0.006286470605377761
3.5075187395256796e9	0.006448735260432723
3.5481338923357606e9	0.006615138080566726
3.58921934645005e9	0.006785779601199229
3.6307805477010174e9	0.006960762666750497
3.6728230049808426e9	0.007140192483537771
3.715352290971728e9	0.007324176673947471
3.7583740428844357e9	0.007512825331911014
3.8018939632056127e9	0.0077062510797164
3.845917820453543e9	0.007904569126184294
3.890451449942805e9	0.008107897326241762
3.9355007545577803e9	0.008316356241925015
3.9810717055349693e9	0.008530069204843298
4.027170343254595e9	0.008749162380139222
4.073802778041122e9	0.008973764831977506
4.1209751909733043e9	0.009204008590599508
4.1686938347033634e9	0.00944002872097701
4.2169650342858224e9	0.009681963393103716
4.265795188015917e9	0.009929953953961011
4.31519076827765e9	0.010184145001195992
4.365158322401666e9	0.010444684458551144
4.415704473533121e9	0.010711723653085961
4.466835921509635e9	0.010985417394231319
4.518559443749235e9	0.011265924054717267
4.570881896148752e9	0.011553405653418888
4.623810213992594e9	0.011848027940162865
4.677351412871982e9	0.012149960482539511
4.731512589614813e9	0.012459376754766053
4.78630092322638e9	0.01277645422864885
4.841723675840999e9	0.01310137446669195
4.897788193684457e9	0.013434323217399903
4.954501908047905e9	0.013775490512827858
5.011872336272715e9	0.014125070768426753
5.069907082747045e9	0.014483262885239928
5.128613839913659e9	0.01485027035450124
5.18800038928961e9	0.01522630136469285
5.248074602497734e9	0.015611568911117722
5.308844442309879e9	0.016006290908043317
5.370317963702533e9	0.016410690303478706
5.432503314924325e9	0.016824995196641414
5.495408738576248e9	0.017249438958180197
5.559042572704048e9	0.017684260353212737
5.623413251903491e9	0.01812970366724653
5.688529308438401e9	0.01858601883504776
5.754399373371567e9	0.01905346157252563
5.821032177708722e9	0.019532293511701892
5.888436553555884e9	0.020022782338837735
5.95662143529011e9	0.020525201935790036
6.025595860743593e9	0.021039832524669986
6.095368972401693e9	0.021566960815883062
6.16595001861481e9	0.022106880159627123
6.237348354824191e9	0.0226598907009275
6.309573444801943e9	0.023226299538291903
6.382634861905482e9	0.023806420886069154
6.456542290346562e9	0.024400576240597462
6.531305526474716e9	0.025009094550226943
6.606934480075964e9	0.025632312389311768
6.683439175686135e9	0.026270574136257014
6.760829753919819e9	0.02692423215572116
6.839116472814306e9	0.027593646985063433
6.918309709189363e9	0.02827918752514039
6.998419960022745e9	0.02898123123554986
7.079457843841373e9	0.029700164334423223
7.161434102129027e9	0.03043638200287753
7.244359600749891e9	0.03119028859422788
7.328245331389045e9	0.031962297848078504
7.413102413009192e9	0.0327528331093981
7.498942093324558e9	0.03356232755270123
7.585775750291821e9	0.03439122441145202
7.673614893618186e9	0.035239977212810046
7.762471166286927e9	0.036109050017843876
7.85235634610071e9	0.0369989176673405
7.943282347242822e9	0.03791006603333993
8.035261221856194e9	0.038842992276524574
8.128305161640995e9	0.039798205109605425
8.2224264994706955e9	0.04077622506684134
8.317637711026709e9	0.04177758477983289
8.413951416451964e9	0.042802829259737975
8.511380382023759e9	0.043852516186059995
8.609937521846016e9	0.044927216202160815
8.709635899560797e9	0.0460275132176502
8.810488730080147e9	0.04715400471782165
8.91250938133744e9	0.04830730208028666
9.01571137605957e9	0.04948803089898705
9.120108393559114e9	0.05069683131574517
9.225714271547628e9	0.051934358359537316
9.332543007969925e9	0.05320128229366616
9.440608762859226e9	0.05449828897101148
9.549925860214369e9	0.05582608019755864
9.66050878989812e9	0.057185374104383305
9.772372209558111e9	0.058576905528303864
9.88553094656941e9	0.06000142640138927
1.e10	0.061459706149540085
1.0115794542598963e10	0.06295253210034858
1.0232929922807537e10	0.06448070990045315
1.0351421666793451e10	0.06604506394260892
1.0471285480508986e10	0.0676464378027043
1.0592537251772898e10	0.06928569468695232
1.0715193052376093e10	0.07096371788948942
1.0839269140212038e10	0.07268141126063275
1.096478196143183e10	0.07443969968604001
1.1091748152624008e10	0.07623952957702271
1.1220184543019653e10	0.07808186937227596
1.1350108156723143e10	0.07996771005129236
1.1481536214968842e10	0.08189806565973135
1.1614486138403414e10	0.08387397384701391
1.1748975549395304e10	0.08589649641644555
1.1885022274370165e10	0.0879667198881369
1.2022644346174131e10	0.09008575607504352
1.2161860006463703e10	0.09225474267240726
1.2302687708123812e10	0.09447484386093082
1.244514611771387e10	0.09674725092399677
1.2589254117941662e10	0.09907318287925147
1.273503081016663e10	0.10145388712490751
1.2882495516931322e10	0.10389064010108297
1.3031667784523e10	0.10638474796655416
1.31825673855641e10	0.108937547291254
1.333521432163324e10	0.11155040576490588
1.3489628825916506e10	0.11422472292215748
1.3645831365889238e10	0.11696193088459791
1.3803842646028866e10	0.11976349512005371
1.3963683610559362e10	0.12263091521957036
1.4125375446227554e10	0.12556572569248944
1.4288939585111067e10	0.1285694967800318
1.445439770745928e10	0.13164383528783632
1.4621771744567154e10	0.13479038543788632
1.4791083881682072e10	0.13801082974027107
1.4962356560944359e10	0.1413068898852493
1.5135612484362072e10	0.1446803276560919
1.5310874616820318e10	0.14813294586318448
1.5488166189124796e10	0.15166658929987314
1.5667510701081501e10	0.1552831457205876
1.5848931924611109e10	0.15898454684172525
1.6032453906900417e10	0.162772769365865
1.621810097358933e10	0.16664983602981287
1.6405897731995388e10	0.17061781667704845
1.6595869074375631e10	0.17467882935524337
1.678804018122559e10	0.17883504143918447
1.698243652461746e10	0.18308867077996357
1.717908387157586e10	0.18744198688088562
1.7378008287493763e10	0.1918973121007886
1.7579236139586967e10	0.1964570228853649
1.778279410038923e10	0.20112355102717736
1.7988709151287838e10	0.2058993849550194
1.8197008586099827e10	0.21078707105329886
1.8407720014689583e10	0.2157892150121504
1.8620871366628654e10	0.22090848320900028
1.883649089489802e10	0.22614760412231105
1.9054607179632523e10	0.23150936977823602
1.9275249131909367e10	0.23699663723098577
1.9498445997580414e10	0.24261233007884261
1.9724227361148533e10	0.2483594400096438
1.9952623149688828e10	0.25424102839385415
2.0183663636815598e10	0.2602602279032516
2.0417379446695316e10	0.2664202441730128
2.065380155810527e10	0.272724357501361
2.089296130854041e10	0.27917592458883494
2.1134890398366432e10	0.28577838031803204
2.1379620895022324e10	0.292535239574841
2.1627185237270245e10	0.2994500991120597
2.1877616239495518e10	0.30652663945644204
2.2130947096056408e10	0.3137686268601657
2.2387211385683376e10	0.32117991529772627
2.264644307593062e10	0.3287644485093814
2.29086765276777e10	0.33652626209215014
2.3173946499684795e10	0.34446948563955665
2.3442288153199276e10	0.3525983449371064
2.3713737056616554e10	0.3609171641804413
2.398832919019485e10	0.36943036829984055
2.4266100950824142e10	0.3781424852863658
2.4547089156850334e10	0.3870581485973816
2.4831331052955677e10	0.39618209961327766
2.511886431509582e10	0.40551919015141935
2.540972705549312e10	0.41507438503862276
2.570395782768865e10	0.42485276474357686
2.6001595631652668e10	0.4348595280705822
2.6302679918953815e10	0.44509999491601465
2.660725059798814e10	0.4555796090889947
2.691534803926914e10	0.46630394119777346
2.7227013080779156e10	0.4772786916033504
2.7542287033381634e10	0.48850969344185224
2.786121168629772e10	0.5000029157173679
2.8183829312644493e10	0.5117644664667588
2.8510182675039097e10	0.5238005959982529
2.8840315031266117e10	0.5361177002054094
2.9174270140011658e10	0.5487223239583163
2.9512092266663902e10	0.5616211645737791
2.9853826189179573e10	0.574821075366295
3.019951720402019e10	0.5883290692818038
3.054921113215509e10	0.6021523226160087
3.090295432513592e10	0.616298178819378
3.126079367123962e10	0.6307741523907044
3.1622776601683792e10	0.6455879328614059
3.1988951096913906e10	0.6607473888726262
3.235936569296281e10	0.676260572347281
3.273406948788386e10	0.6921357227592814
3.3113112148259075e10	0.7083812715022232
3.3496543915782795e10	0.7250058463598377
3.388441561392034e10	0.7420182760805224
3.4276778654645046e10	0.7594275950584775
3.46736850452531e10	0.77724304812387
3.50751873952568e10	0.7954740954445554
3.5481338923357605e10	0.8141304175419685
3.5892193464500496e10	0.8332219204238748
3.630780547701018e10	0.8527587408366898
3.6728230049808426e10	0.8727512516400637
3.715352290971728e10	0.8932100676869003
3.758374042884435e10	0.9141460499431728
3.801893963205613e10	0.9355703134851957
3.845917820453543e10	0.9574942319189419
3.890451449942805e10	0.9799294437739675
3.9355007545577805e10	1.002887858294703
3.981071705534969e10	1.0263816632983775
4.027170343254595e10	1.050423329295802
4.073802778041122e10	1.075025617675489
4.120975190973304e10	1.1002015870754045
4.168693834703364e10	1.1259646003067665
4.216965034285822e10	1.1523283314392105
4.2657951880159164e10	1.1793067730509839
4.3151907682776505e10	1.2069142436479743
4.3651583224016655e10	1.235165395255552
4.415704473533121e10	1.2640752211872857
4.466835921509635e10	1.2936590639946306
4.5185594437492355e10	1.323932623601683
4.570881896148752e10	1.354911965629527
4.623810213992594e10	1.3866135299144526
4.677351412871981e10	1.4190541392245617
4.7315125896148125e10	1.4522510081793927
4.78630092322638e10	1.4862217523773638
4.841723675840999e10	1.520984397735834
4.897788193684457e10	1.5565573900485963
4.954501908047906e10	1.5929596047661814
5.011872336272715e10	1.6302103570037707
5.069907082747044e10	1.6683294117824268
5.128613839913659e10	1.7073369945086803
5.1880003892896095e10	1.747253801698344
5.248074602497734e10	1.788101011950127
5.308844442309879e10	1.829900297174699
5.370317963702533e10	1.87267383408555
5.432503314924325e10	1.916444315957251
5.495408738576248e10	1.9612349646578546
5.559042572704048e10	2.007069542961322
5.6234132519034904e10	2.053972367146913
5.688529308438402e10	2.101968319892024
5.754399373371567e10	2.151082863465284
5.821032177708722e10	2.2013420532269525
5.888436553555884e10	2.252772551443843
5.956621435290109e10	2.3054016414260685
6.0255958607435936e10	2.359257241992902
6.095368972401694e10	2.4143679222757504
6.1659500186148094e10	2.470762916865933
6.237348354824191e10	2.528472141315206
6.3095734448019424e10	2.5875262079973353
6.3826348619054825e10	2.6479564423392294
6.456542290346562e10	2.709794899430148
6.531305526474716e10	2.77307438101759
6.606934480075964e10	2.8378284528993825
6.683439175686135e10	2.904091462720534
6.760829753919819e10	2.971898558184985
6.839116472814307e10	3.041285705691228
6.918309709189363e10	3.112289709402235
6.998419960022745e10	3.1849482307595762
7.079457843841373e10	3.2592998084518556
7.161434102129027e10	3.335383878848621
7.244359600749892e10	3.413240796909852
7.328245331389044e10	3.492911857582895
7.413102413009192e10	3.574439317697416
7.498942093324559e10	3.6578664183706047
7.58577575029182e10	3.743237407934246
7.673614893618185e10	3.8305975653957325
7.762471166286928e10	3.919993224445522
7.85235634610071e10	4.011471798023936
7.943282347242822e10	4.105081803460247
8.035261221856194e10	4.2008728881970105
8.128305161640996e10	4.298895856258689
8.222426499470695e10	4.3992026946671805
8.317637711026709e10	4.501846601710015
8.413951416451965e10	4.606882014724508
8.51138038202376e10	4.7143646390561
8.609937521846016e10	4.824351477594183
8.709635899560797e10	4.936900860995511
8.810488730080147e10	5.052072478612198
8.91250938133744e10	5.169927410139492
9.01571137605957e10	5.290528158001364
9.120108393559116e10	5.413938813090207
9.225714271547629e10	5.5402245617769985
9.332543007969925e10	5.669452366114582
9.440608762859225e10	5.801691034347516
9.549925860214369e10	5.93701055924695
9.660508789898122e10	6.075482703195254
9.772372209558112e10	6.217180900135339
9.88553094656941e10	6.3621802945059756
1.e11	6.510557781084503
1.0115794542598962e11	6.6623920457575645
1.0232929922807536e11	6.8177636072413135
1.0351421666793452e11	6.976754859773388
1.0471285480508984e11	7.139450116799521
1.0592537251772897e11	7.305935655677836
1.0715193052376093e11	7.476299763423893
1.0839269140212039e11	7.650632783521791
1.0964781961431828e11	7.8290271638256215
1.1091748152624008e11	8.011577505576426
1.1220184543019653e11	8.198380613560873
1.1350108156723143e11	8.389535547438577
1.148153621496884e11	8.585143674265042
1.1614486138403462e11	8.785308722237437
1.1748975549395303e11	8.990136835692793
1.1885022274370164e11	9.199736631387347
1.2022644346174132e11	9.41421925608641
1.2161860006463704e11	9.633698445495703
1.2302687708123811e11	9.858290584565703
1.2445146117713818e11	10.088114769200592
1.2589254117941661e11	10.323292869404373
1.2735030810166629e11	10.563949593897789
1.2882495516931323e11	10.810212556240655
1.3031667784523e11	11.062212342494568
1.31825673855641e11	11.320082580460817
1.333521432163324e11	11.583960010531872
1.3489628825916505e11	11.853984558193137
1.3645831365889238e11	12.130299408213109
1.3803842646028867e11	12.413051080561662
1.3963683610559363e11	12.70238950809704
1.4125375446227554e11	12.998468116062547
1.4288939585111066e11	13.301443903434052
1.445439770745928e11	13.611477526163215
1.4621771744567154e11	13.928733382359612
1.479108388168207e11	14.253379699456591
1.4962356560944357e11	14.585588623407466
1.5135612484362073e11	14.92553630995978
1.531087461682032e11	15.273403018055765
1.548816618912486e11	15.629373205407369
1.56675107010815e11	15.993635626298461
1.5848931924611108e11	16.366383431665174
1.6032453906900418e11	16.747814271506797
1.621810097358933e11	17.138130399682197
1.640589773199539e11	17.53753878114774
1.659586907437556e11	17.946251274606134
1.678804018122559e11	18.364484457333372
1.698243652461746e11	18.792460164877284
1.7179083871575858e11	19.23040532975081
1.7378008287493762e11	19.678552170401684
1.7579236139586966e11	20.137138314336788
1.7782794100389227e11	20.606406924115927
1.7988709151287836e11	21.08660682628026
1.8197008586099826e11	21.577992643283228
1.840772001468958e11	22.08082482697251
1.8620871366628656e11	22.595370201857097
1.883649089489802e11	23.121901500963205
1.9054607179632523e11	23.660697912335277
1.9275249131909366e11	24.21204512714282
1.9498445997580414e11	24.77623549115809
1.9724227361148535e11	25.35356815976134
1.9952623149688828e11	25.944349256556553
2.0183663636815598e11	26.548892035682613
2.0417379446695316e11	27.1675170479055
2.0653801558105356e11	27.800552310577263
2.0892961308540408e11	28.44833348155578
2.1134890398366434e11	29.11120403717551
2.1379620895022324e11	29.78951545436271
2.1627185237270245e11	30.48362739699276
2.1877616239495517e11	31.193907906589015
2.213094709605632e11	31.920733597463926
2.238721138568347e11	32.664489856404664
2.2646443075930618e11	33.4255710470084
2.29086765276777e11	34.204380718782254
2.3173946499684796e11	35.00133182110875
2.3442288153199274e11	35.816846922196675
2.3713737056616553e11	36.65135843313282
2.398832919019485e11	37.505308837152626
2.4266100950824142e11	38.37915092425011
2.4547089156850336e11	39.27334803125231
2.483133105295568e11	40.188374287487065
2.5118864315095822e11	41.124714866173825
2.5409727055493115e11	42.08286624166662
2.5703957827688647e11	43.06333645269235
2.6001595631652667e11	44.06664537172014
2.6302679918953815e11	45.093324980603946
2.660725059798814e11	46.14391965264537
2.691534803926914e11	47.21898644122829
2.7227013080779156e11	48.3190953751769
2.7542287033381744e11	49.44482976099015
2.7861211686297723e11	50.59678649211954
2.8183829312644495e11	51.77557636545054
2.85101826750391e11	52.981824405154306
2.8840315031266113e11	54.2161701940828
2.917427014001166e11	55.479268212884705
2.951209226666378e11	56.77178818702031
2.9853826189179694e11	58.09441544185857
3.019951720402019e11	59.44785126604197
3.054921113215509e11	60.83281328332464
3.090295432513592e11	62.25003583306252
3.1260793671239624e11	63.70027035956914
3.1622776601683795e11	65.18428581054205
3.1988951096913904e11	66.70286904477018
3.235936569296281e11	68.25682524933562
3.273406948788386e11	69.84697836653312
3.3113112148259076e11	71.47417153073624
3.3496543915782794e11	73.13926751544008
3.388441561392034e11	74.84314919071166
3.4276778654645044e11	76.58671999130097
3.4673685045253094e11	78.37090439565524
3.5075187395256793e11	80.19664841608862
3.5481338923357605e11	82.06492010036897
3.58921934645005e11	83.97671004499095
3.6307805477010175e11	85.93303192040567
3.6728230049808575e11	87.93492300847818
3.715352290971728e11	89.98344475247006
3.7583740428844354e11	92.07968331983253
3.801893963205613e11	94.22475017810557
3.845917820453543e11	96.4197826842315
3.8904514499428046e11	98.66594468759838
3.935500754557764e11	100.96442714713022
3.9810717055349854e11	103.316448762749
4.027170343254595e11	105.7232566215401
4.073802778041122e11	108.18612685898454
4.120975190973304e11	110.70636533557786
4.1686938347033636e11	113.2853082918536
4.216965034285823e11	115.92432321813159
4.265795188015917e11	118.62480932162508
4.31519076827765e11	121.38819844999554
4.3651583224016656e11	124.21595580291925
4.415704473533121e11	127.10958070895727
4.466835921509635e11	130.07060742052263
4.518559443749235e11	133.1006059273549
4.570881896148752e11	136.20118278895268
4.623810213992594e11	139.37398198639497
4.677351412871981e11	142.62068579399943
4.7315125896148126e11	145.94301567128397
4.78630092322638e11	149.3427331757099
4.841723675840999e11	152.82164089668655
4.8977881936844763e11	156.3815834113203
4.954501908047905e11	160.02444826243777
5.011872336272715e11	163.75216695938855
5.0699070827470447e11	167.56671600215418
5.1286138399136584e11	171.47011792931193
5.1880003892896094e11	175.46444239041395
5.2480746024977124e11	179.55180724334565
5.308844442309901e11	183.7343796772408
5.3703179637025323e11	188.01437736154318
5.432503314924325e11	192.39406962186177
5.495408738576248e11	196.8757786431872
5.559042572704049e11	201.4618807011428
5.623413251903491e11	206.15480742192022
5.688529308438401e11	210.9570470715635
5.754399373371566e11	215.87114587527685
5.821032177708722e11	220.89970936746346
5.888436553555884e11	226.04540377321743
5.95662143529011e11	231.31095742199744
6.025595860743594e11	236.69916219421123
6.095368972401693e11	242.2128750015135
6.16595001861481e11	247.85501930158182
6.237348354824192e11	253.62858664816883
6.309573444801943e11	259.5366382772591
6.382634861905482e11	265.582306730181
6.456542290346562e11	271.7687975145281
6.531305526474742e11	278.099390803748
6.606934480075964e11	284.5774431763414
6.683439175686135e11	291.20638939556716
6.760829753919819e11	297.9897442305966
6.839116472814307e11	304.93110432008456
6.918309709189363e11	312.03415007915976
6.998419960022716e11	319.30264765083473
7.079457843841403e11	326.7404122116241
7.161434102129027e11	334.3514599537489
7.244359600749891e11	342.139792346892
7.328245331389044e11	350.109538884825
7.413102413009192e11	358.26492524974714
7.498942093324558e11	366.6102755528054
7.58577575029182e11	375.1500146268039
7.673614893618186e11	383.88867037230597
7.762471166286927e11	392.8308761583811
7.85235634610071e11	401.9813732792873
7.943282347242821e11	411.3451075797444
8.035261221856194e11	420.92686198455937
8.128305161640995e11	430.73180474260994
8.222426499470696e11	440.76513457843265
8.317637711026709e11	451.03217131041555
8.413951416451964e11	461.5383586714309
8.511380382023759e11	472.2892671951813
8.609937521846017e11	483.29059716978225
8.709635899560833e11	494.5481816601083
8.810488730080146e11	506.06798960057404
8.91250938133744e11	517.8561289599504
9.01571137605957e11	529.9188499798829
9.120108393559115e11	542.2625484888459
9.225714271547628e11	554.8937692933032
9.332543007969886e11	567.819209647862
9.440608762859265e11	581.0457228062414
9.549925860214369e11	594.5803216549284
9.660508789898121e11	608.4301824315581
9.772372209558112e11	622.6026485298192
9.885530946569412e11	637.1052343930133
1.e12	651.9456294983232
