1.e7	-5.046370632024719e-295
1.0115794542598983e7	-4.660454837031242e-292
1.0232929922807537e7	-3.9822877815001067e-289
1.035142166679343e7	-3.151217876521135e-286
1.0471285480508985e7	-2.3112532104304995e-283
1.0592537251772897e7	-1.5725968845669933e-280
1.0715193052376071e7	-9.934848369977072e-278
1.0839269140212039e7	-5.83240821893932e-275
1.0964781961431852e7	-3.1845061235545646e-272
1.109174815262401e7	-1.6184685355451867e-269
1.122018454301963e7	-7.662858331682452e-267
1.1350108156723144e7	-3.3826259980481727e-264
1.1481536214968817e7	-1.3932917724267646e-261
1.1614486138403438e7	-5.359192223967243e-259
1.1748975549395302e7	-1.926487057143654e-256
1.188502227437019e7	-6.477072924142434e-254
1.202264434617413e7	-2.0383088407418223e-251
1.2161860006463679e7	-6.008533308465188e-249
1.230268770812381e7	-1.6603484885148371e-246
1.2445146117713844e7	-4.3041124748759215e-244
1.2589254117941663e7	-1.047464147034222e-241
1.2735030810166629e7	-2.3948586861404737e-239
1.288249551693135e7	-5.147734852833688e-237
1.3031667784523001e7	-1.041009823907829e-234
1.3182567385564074e7	-1.9819796200755326e-232
1.333521432163324e7	-3.5550775912228413e-230
1.3489628825916532e7	-6.01175036598686e-228
1.3645831365889238e7	-9.590643943492561e-226
1.3803842646028839e7	-1.4443725877847314e-223
1.3963683610559363e7	-2.0548574384082107e-221
1.4125375446227554e7	-2.763364777610787e-219
1.4288939585111037e7	-3.5150267268364034e-217
1.445439770745928e7	-4.231843191489493e-215
1.4621771744567184e7	-4.825190733970316e-213
1.4791083881682072e7	-5.21379220188314e-211
1.4962356560944328e7	-5.342130622233923e-209
1.5135612484362071e7	-5.1935105405178244e-207
1.5310874616820287e7	-4.7935185866241676e-205
1.5488166189124828e7	-4.2029368277453366e-203
1.5667510701081501e7	-3.5027695609025456e-201
1.5848931924611142e7	-2.7764049991408967e-199
1.6032453906900417e7	-2.094189677954779e-197
1.62181009735893e7	-1.504034170738176e-195
1.6405897731995387e7	-1.0290858501889376e-193
1.6595869074375596e7	-6.711794616259926e-192
1.678804018122559e7	-4.1750053252005665e-190
1.698243652461746e7	-2.4782332629919135e-188
1.7179083871575896e7	-1.4045165352864018e-186
1.737800828749376e7	-7.603983178282444e-185
1.757923613958693e7	-3.934708019655492e-183
1.7782794100389227e7	-1.946999310837314e-181
1.7988709151287872e7	-9.217715245335166e-180
1.8197008586099826e7	-4.177387032232601e-178
1.8407720014689546e7	-1.813123120610251e-176
1.8620871366628658e7	-7.540597594857792e-175
1.883649089489802e7	-3.0064389975182308e-173
1.905460717963248e7	-1.1496801504475294e-171
1.9275249131909367e7	-4.218782332976709e-170
1.9498445997580454e7	-1.486235806792947e-168
1.9724227361148532e7	-5.0289991054112465e-167
1.9952623149688788e7	-1.6351930512311276e-165
2.0183663636815596e7	-5.111498643060778e-164
2.0417379446695276e7	-1.5367918454017178e-162
2.0653801558105312e7	-4.445934110550139e-161
2.0892961308540408e7	-1.238179343591081e-159
2.1134890398366477e7	-3.3209767430650393e-158
2.1379620895022325e7	-8.582165505940461e-157
2.1627185237270202e7	-2.1377730208200977e-155
2.187761623949552e7	-5.135026865596084e-154
2.2130947096056364e7	-1.1899287156962721e-152
2.2387211385683376e7	-2.6611838175002323e-151
2.2646443075930618e7	-5.74620437515878e-150
2.290867652767775e7	-1.1984338581870657e-148
2.3173946499684796e7	-2.4151628647720836e-147
2.3442288153199226e7	-4.704881540628589e-146
2.3713737056616552e7	-8.863178553782512e-145
2.3988329190194897e7	-1.6152342829880023e-143
2.426610095082414e7	-2.8487316906238217e-142
2.4547089156850286e7	-4.864077199512274e-141
2.483133105295568e7	-8.043467058365896e-140
2.5118864315095823e7	-1.2886625738316258e-138
2.5409727055493064e7	-2.0009931643616477e-137
2.5703957827688646e7	-3.0124372968915786e-136
2.600159563165272e7	-4.398557037351999e-135
2.6302679918953814e7	-6.231236867779369e-134
2.6607250597988084e7	-8.567623875143855e-133
2.6915348039269138e7	-1.1437133303392324e-131
2.7227013080779098e7	-1.4828304324597327e-130
2.754228703338169e7	-1.8677919211423224e-129
2.7861211686297722e7	-2.286502626785399e-128
2.818382931264455e7	-2.721215897947185e-127
2.8510182675039098e7	-3.149507349437426e-126
2.8840315031266056e7	-3.546085705200552e-125
2.917427014001166e7	-3.885257980031688e-124
2.9512092266663842e7	-4.14371629850601e-123
2.9853826189179573e7	-4.303220715010053e-122
3.019951720402019e7	-4.352743640492685e-121
3.0549211132155154e7	-4.2897235477265575e-120
3.090295432513592e7	-4.1202318719502235e-119
3.126079367123956e7	-3.858051810037914e-118
3.162277660168379e7	-3.5228564284267485e-117
3.198895109691397e7	-3.137814896142023e-116
3.235936569296281e7	-2.7270226843477786e-115
3.2734069487883795e7	-2.3131371660637384e-114
3.3113112148259077e7	-1.9155168750161152e-113
3.3496543915782794e7	-1.549037419921958e-112
3.388441561392027e7	-1.2236217050297293e-111
3.427677865464505e7	-9.444053214098432e-111
3.4673685045253165e7	-7.123788031245705e-110
3.5075187395256795e7	-5.253138607234939e-109
3.548133892335753e7	-3.787867110583104e-108
3.58921934645005e7	-2.6714682392829337e-107
3.6307805477010176e7	-1.8432949446894143e-106
3.67282300498085e7	-1.2446236607688743e-105
3.715352290971728e7	-8.225973382338023e-105
3.758374042884443e7	-5.3229080422886163e-104
3.8018939632056125e7	-3.3730922279694767e-103
3.845917820453535e7	-2.0937702562676263e-102
3.890451449942805e7	-1.2733687047354054e-101
3.935500754557773e7	-7.589361788122526e-101
3.981071705534969e7	-4.433867571544214e-100
4.027170343254595e7	-2.539720038514803e-99
4.07380277804113e7	-1.426634731913981e-98
4.120975190973304e7	-7.860688541382289e-98
4.168693834703355e7	-4.249375917579381e-97
4.2169650342858225e7	-2.254245980223857e-96
4.265795188015926e7	-1.1737693886012606e-95
4.31519076827765e7	-6.000151833931862e-95
4.365158322401656e7	-3.0118357876730246e-94
4.415704473533121e7	-1.4848428074867387e-93
4.466835921509635e7	-7.191166225236407e-93
4.518559443749226e7	-3.421971007870069e-92
4.570881896148752e7	-1.6002909464974939e-91
4.623810213992603e7	-7.356202692486574e-91
4.6773514128719814e7	-3.3244975453179956e-90
4.7315125896148026e7	-1.47740801419597e-89
4.78630092322638e7	-6.457442253197977e-89
4.841723675840999e7	-2.776443526682603e-88
4.897788193684466e7	-1.174537887697909e-87
4.9545019080479056e7	-4.889627737517733e-87
5.011872336272725e7	-2.0035257262335666e-86
5.0699070827470444e7	-8.081710349469044e-86
5.128613839913648e7	-3.2098063800418135e-85
5.188000389289609e7	-1.2554478047363277e-84
5.248074602497723e7	-4.8365863947055505e-84
5.3088444423098795e7	-1.8355871986350857e-83
5.370317963702533e7	-6.86406409612405e-83
5.432503314924336e7	-2.529481369711511e-82
5.495408738576248e7	-9.187518939029636e-82
5.559042572704037e7	-3.289679185298607e-81
5.623413251903491e7	-1.1613643495377554e-80
5.688529308438413e7	-4.043089639277763e-80
5.754399373371567e7	-1.3882180101769396e-79
5.82103217770871e7	-4.7018643542595e-79
5.888436553555884e7	-1.571153223338512e-78
5.956621435290109e7	-5.180481632496497e-78
6.025595860743581e7	-1.6857425503475014e-77
6.0953689724016935e7	-5.414364313216151e-77
6.165950018614822e7	-1.7167365953193948e-76
6.237348354824191e7	-5.3743250287441293e-76
6.3095734448019296e7	-1.6613901768266937e-75
6.3826348619054824e7	-5.072352706445801e-75
6.456542290346563e7	-1.5296753866961152e-74
6.531305526474729e7	-4.557244856939032e-74
6.606934480075964e7	-1.3414646141486861e-73
6.6834391756861486e7	-3.902021706691205e-73
6.760829753919819e7	-1.121741759494986e-72
6.839116472814293e7	-3.1874788310070963e-72
6.918309709189363e7	-8.953869152710725e-72
6.998419960022731e7	-2.4867969600383152e-71
7.079457843841374e7	-6.829557170494779e-71
7.161434102129027e7	-1.8549116599404035e-70
7.244359600749905e7	-4.9829621012739284e-70
7.328245331389044e7	-1.3241590989059878e-69
7.413102413009177e7	-3.481247713605164e-69
7.498942093324558e7	-9.055765799757825e-69
7.585775750291836e7	-2.331114722680661e-68
7.673614893618186e7	-5.938851039906054e-68
7.762471166286911e7	-1.4975904119570704e-67
7.85235634610071e7	-3.73840567269897e-67
7.943282347242822e7	-9.239168798762154e-67
8.035261221856177e7	-2.2609046124763554e-66
8.128305161640996e7	-5.478777162461844e-66
8.222426499470712e7	-1.3148788046604967e-65
8.317637711026709e7	-3.1256228950409327e-65
8.413951416451947e7	-7.3601001877834125e-65
8.511380382023759e7	-1.7170152257868906e-64
8.609937521846016e7	-3.9687549449720795e-64
8.709635899560814e7	-9.090129086839777e-64
8.810488730080147e7	-2.0633211669443316e-63
8.91250938133746e7	-4.641832871562812e-63
9.015711376059571e7	-1.0351002249254252e-62
9.120108393559097e7	-2.288175806028188e-62
9.225714271547629e7	-5.0148021452488825e-62
9.332543007969905e7	-1.0897289589705602e-61
9.440608762859227e7	-2.3481498837878837e-61
9.549925860214369e7	-5.017849640600571e-61
9.66050878989814e7	-1.0634948043017759e-60
9.772372209558111e7	-2.2357329194305415e-60
9.88553094656939e7	-4.662423749278032e-60
1.e8	-9.646079203977212e-60
1.0115794542599003e8	-1.980052458905979e-59
1.0232929922807537e8	-4.033002020585688e-59
1.0351421666793452e8	-8.151634230565473e-59
1.0471285480508985e8	-1.6351726708278755e-58
1.0592537251772897e8	-3.255539722928448e-58
1.0715193052376048e8	-6.433690146012447e-58
1.0839269140212038e8	-1.2621528126571281e-57
1.0964781961431828e8	-2.4581867031030983e-57
1.109174815262401e8	-4.753406673015584e-57
1.1220184543019652e8	-9.126786669720338e-57
1.1350108156723143e8	-1.7401587988183204e-56
1.1481536214968841e8	-3.2949797387544883e-56
1.1614486138403414e8	-6.196463993286424e-56
1.1748975549395303e8	-1.157434610834157e-55
1.1885022274370165e8	-2.1475535385949124e-55
1.2022644346174131e8	-3.958401084629433e-55
1.2161860006463704e8	-7.24864346439461e-55
1.230268770812381e8	-1.3188254850624518e-54
1.2445146117713869e8	-2.3842056163731763e-54
1.2589254117941661e8	-4.28309425922685e-54
1.2735030810166629e8	-7.646461559795024e-54
1.2882495516931322e8	-1.3566986162511778e-53
1.3031667784523e8	-2.3925274942887595e-53
1.31825673855641e8	-4.193836661333487e-53
1.333521432163324e8	-7.307639173574353e-53
1.348962882591656e8	-1.265853170292923e-52
1.364583136588924e8	-2.1800152619413924e-52
1.3803842646028867e8	-3.732799541542442e-52
1.3963683610559362e8	-6.355319313449607e-52
1.4125375446227553e8	-1.0759596123658881e-51
1.4288939585111007e8	-1.8115004160301687e-51
1.445439770745928e8	-3.033139947842327e-51
1.4621771744567153e8	-5.051092871958384e-51
1.479108388168207e8	-8.366507235395851e-51
1.4962356560944358e8	-1.3784648287871606e-50
1.5135612484362072e8	-2.2592603106839512e-50
1.5310874616820318e8	-3.6836814038205358e-50
1.5488166189124796e8	-5.975426070660802e-50
1.5667510701081502e8	-9.643889976680274e-50
1.584893192461111e8	-1.5486647178196717e-49
1.6032453906900418e8	-2.474624421180415e-49
1.621810097358933e8	-3.934889833211105e-49
1.640589773199539e8	-6.2266095227891834e-49
1.659586907437563e8	-9.805969867680139e-49
1.678804018122559e8	-1.5369975281432716e-48
1.698243652461746e8	-2.3978555963241148e-48
1.717908387157586e8	-3.7236032780847705e-48
1.7378008287493762e8	-5.755954050438446e-48
1.7579236139586967e8	-8.857425716434951e-48
1.7782794100389227e8	-1.356927034046982e-47
1.798870915128791e8	-2.0696003019852136e-47
1.8197008586099824e8	-3.1428195672562544e-47
1.8407720014689583e8	-4.752007622006393e-47
1.8620871366628656e8	-7.154528139579601e-47
1.883649089489802e8	-1.07263578476978e-46
1.9054607179632443e8	-1.6014447937948394e-46
1.9275249131909367e8	-2.3811174266741277e-46
1.9498445997580415e8	-3.525975697880991e-46
1.9724227361148533e8	-5.200292218437611e-46
1.9952623149688828e8	-7.63916965676601e-46
2.0183663636815596e8	-1.1177748797149299e-45
2.0417379446695316e8	-1.6291906205105223e-45
2.065380155810527e8	-2.365474008359294e-45
2.089296130854041e8	-3.421466705441814e-45
2.1134890398366433e8	-4.930298674670322e-45
2.1379620895022324e8	-7.078147542640753e-45
2.1627185237270245e8	-1.012441516031364e-44
2.187761623949552e8	-1.442920824042711e-44
2.213094709605641e8	-2.0490631184637564e-44
2.238721138568338e8	-2.8995212848181984e-44
2.264644307593062e8	-4.088585075942278e-44
2.29086765276777e8	-5.745303689071432e-44
2.3173946499684796e8	-8.045691778029345e-44
2.3442288153199276e8	-1.1229005182072419e-43
2.3713737056616554e8	-1.5619369693571848e-43
2.3988329190194947e8	-2.1654427277082586e-43
2.4266100950824144e8	-2.992315124908994e-43
2.4547089156850335e8	-4.1215601572516296e-43
2.4831331052955678e8	-5.6588179133116526e-43
2.511886431509582e8	-7.744893355198883e-43
2.5409727055493012e8	-1.0566873528789115e-42
2.5703957827688646e8	-1.4372570184279338e-42
2.6001595631652668e8	-1.9489224669847737e-42
2.6302679918953815e8	-2.6347659160588428e-42
2.660725059798814e8	-3.5513366141129485e-42
2.691534803926914e8	-4.77264102846295e-42
2.7227013080779153e8	-6.395248999648625e-42
2.7542287033381635e8	-8.544808978748757e-42
2.786121168629772e8	-1.138433731163949e-41
2.8183829312644494e8	-1.5124734683465876e-41
2.8510182675039095e8	-2.0038090674192592e-41
2.884031503126612e8	-2.647446892377857e-41
2.9174270140011656e8	-3.4883025422839417e-41
2.9512092266663903e8	-4.583850655132954e-41
2.985382618917957e8	-6.007440829618054e-41
3.019951720402019e8	-7.852436134950751e-41
3.054921113215509e8	-1.0237364760373456e-40
3.090295432513592e8	-1.331231625133445e-40
3.126079367123962e8	-1.726686272181124e-40
3.1622776601683795e8	-2.2339843852487384e-40
3.1988951096914035e8	-2.883142403832472e-40
3.235936569296281e8	-3.711791264715281e-40
3.273406948788386e8	-4.76699361927385e-40
3.311311214825908e8	-6.107466683621467e-40
3.349654391578279e8	-7.806294789752908e-40
3.3884415613920206e8	-9.954231728655319e-40
3.427677865464505e8	-1.2663711770801193e-39
3.46736850452531e8	-1.607371024318745e-39
3.5075187395256793e8	-2.035562021615547e-39
3.5481338923357606e8	-2.57203417622016e-39
3.58921934645005e8	-3.242681499237931e-39
3.630780547701018e8	-4.07922683950878e-39
3.6728230049808425e8	-5.120450053549974e-39
3.715352290971728e8	-6.413656708858662e-39
3.7583740428844357e8	-8.01643070278327e-39
3.8018939632056123e8	-9.998721303967277e-39
3.845917820453543e8	-1.2445323288586464e-38
3.8904514499428046e8	-1.5458818184518802e-38
3.9355007545577806e8	-1.9163055305729268e-38
3.981071705534969e8	-2.370726341995113e-38
4.027170343254595e8	-2.9270897704999097e-38
4.073802778041122e8	-3.6069342363266455e-38
4.120975190973304e8	-4.43606070077933e-38
4.168693834703364e8	-5.445317504017052e-38
4.2169650342858225e8	-6.671518492125682e-38
4.265795188015934e8	-8.158515066907962e-38
4.31519076827765e8	-9.958445689598182e-38
4.3651583224016654e8	-1.2133189493080637e-37
4.415704473533121e8	-1.4756054483144008e-37
4.466835921509635e8	-1.7913734472745186e-37
4.518559443749217e8	-2.170857388846874e-37
4.570881896148752e8	-2.6261183889926243e-37
4.623810213992594e8	-3.1713459690995615e-37
4.677351412871981e8	-3.823205434415493e-37
4.731512589614813e8	-4.60123715647385e-37
4.7863009232263803e8	-5.528314756654634e-37
4.841723675840999e8	-6.631170031292156e-37
4.8977881936844563e8	-7.940993369794669e-37
4.9545019080479056e8	-9.494119450686922e-37
5.011872336272715e8	-1.133280908994734e-36
5.0699070827470446e8	-1.3506139368006619e-36
5.1286138399136585e8	-1.6071015481729056e-36
5.188000389289609e8	-1.9093319245991934e-36
5.248074602497734e8	-2.2649210765733385e-36
5.308844442309879e8	-2.682660156895869e-36
5.370317963702532e8	-3.17268193718737e-36
5.432503314924325e8	-3.746648673010036e-36
5.495408738576248e8	-4.4179638005807754e-36
5.559042572704048e8	-5.202010197768187e-36
5.623413251903491e8	-6.116417925862712e-36
5.688529308438425e8	-7.181364611125628e-36
5.754399373371567e8	-8.419912454571522e-36
5.821032177708721e8	-9.85838497827594e-36
5.888436553555884e8	-1.1526788575187453e-35
5.956621435290109e8	-1.3459283084987493e-35
6.025595860743569e8	-1.5694706389639578e-35
6.095368972401694e8	-1.8277158926478116e-35
6.16595001861481e8	-2.1256653443428307e-35
6.237348354824191e8	-2.468983763687006e-35
6.309573444801943e8	-2.8640795447412883e-35
6.382634861905483e8	-3.318193533378182e-35
6.456542290346563e8	-3.839497487752026e-35
6.531305526474717e8	-4.437202757344877e-35
6.606934480075965e8	-5.121680555092796e-35
6.683439175686135e8	-5.904594589034239e-35
6.760829753919818e8	-6.79904732641406e-35
6.839116472814307e8	-7.819740892218452e-35
6.918309709189363e8	-8.983154424499916e-35
6.998419960022745e8	-1.0307738641397314e-34
7.079457843841373e8	-1.1814129621140198e-34
7.161434102129027e8	-1.3525383333104976e-34
7.244359600749891e8	-1.5467232492611752e-34
7.328245331389045e8	-1.7668367826532935e-34
7.413102413009192e8	-2.016074579761369e-34
7.498942093324559e8	-2.2979926738830074e-34
7.585775750291852e8	-2.616543446520055e-34
7.673614893618186e8	-2.976116716805492e-34
7.762471166286927e8	-3.3815827521150157e-34
7.852356346100711e8	-3.8383399401536393e-34
7.943282347242821e8	-4.352365979395599e-34
8.03526122185616e8	-4.930270767649281e-34
8.128305161640995e8	-5.579381220360292e-34
8.222426499470695e8	-6.307756417451348e-34
8.317637711026709e8	-7.124314655438638e-34
8.413951416451964e8	-8.038875289031447e-34
8.511380382023759e8	-9.062264162981454e-34
8.609937521846017e8	-1.020638172079001e-33
8.709635899560796e8	-1.148434212091443e-33
8.810488730080147e8	-1.2910534901482332e-33
8.912509381337441e8	-1.4500765030285311e-33
9.01571137605957e8	-1.6272374361687057e-33
9.120108393559115e8	-1.8244373759443817e-33
9.225714271547629e8	-2.043759302277398e-33
9.332543007969924e8	-2.2874810615596733e-33
9.440608762859226e8	-2.558102269006863e-33
9.549925860214369e8	-2.8583435534442595e-33
9.660508789898121e8	-3.191184683892537e-33
9.772372209558111e8	-3.559876177065971e-33
9.88553094656941e8	-3.967964600617379e-33
1.e9	-4.4193146529255224e-33
1.0115794542598962e9	-4.918137265172201e-33
1.0232929922807536e9	-5.469018064939669e-33
1.0351421666793451e9	-6.07694514527978e-33
1.0471285480508986e9	-6.747341481469507e-33
1.0592537251772897e9	-7.486102392180813e-33
1.0715193052376093e9	-8.299628783768041e-33
1.083926914021204e9	-9.194868722113351e-33
1.0964781961431828e9	-1.0179359859771914e-32
1.1091748152624009e9	-1.1261273758366003e-32
1.1220184543019652e9	-1.2449465679601663e-32
1.1350108156723144e9	-1.3753525242183152e-32
1.148153621496884e9	-1.5183833182162413e-32
1.1614486138403413e9	-1.67516207187146e-32
1.1748975549395304e9	-1.846903130315937e-32
1.1885022274370165e9	-2.0349188812374785e-32
1.202264434617413e9	-2.2406288538696846e-32
1.2161860006463704e9	-2.4655594481287205e-32
1.230268770812381e9	-2.711367364894806e-32
1.2445146117713869e9	-2.979833494571534e-32
1.258925411794166e9	-3.2728798195073557e-32
1.2735030810166628e9	-3.5925776850186504e-32
1.2882495516931322e9	-3.941158826056972e-32
1.3031667784523e9	-4.321026431214841e-32
1.31825673855641e9	-4.7347674304294656e-32
1.333521432163324e9	-5.185165410488978e-32
1.3489628825916505e9	-5.675213858531148e-32
1.364583136588924e9	-6.208132654777838e-32
1.3803842646028867e9	-6.787381056714147e-32
1.3963683610559363e9	-7.416677078073776e-32
1.4125375446227555e9	-8.10001069757954e-32
1.4288939585111065e9	-8.841667344672463e-32
1.445439770745928e9	-9.646248783299198e-32
1.4621771744567153e9	-1.0518690056021565e-31
1.4791083881682072e9	-1.146427924945138e-31
1.496235656094436e9	-1.248869281000021e-31
1.513561248436207e9	-1.3598011421748606e-31
1.5310874616820319e9	-1.4798750720181864e-31
1.5488166189124796e9	-1.60978895120945e-31
1.5667510701081502e9	-1.7502900382645124e-31
1.5848931924611108e9	-1.9021783383201328e-31
1.6032453906900418e9	-2.0663097288505473e-31
1.6218100973589332e9	-2.243600007396506e-31
1.6405897731995387e9	-2.435028742541934e-31
1.6595869074375632e9	-2.6416426843842336e-31
1.6788040181225588e9	-2.8645623951136346e-31
1.698243652461746e9	-3.105000682526555e-31
1.7179083871575859e9	-3.3641827919279283e-31
1.7378008287493763e9	-3.6435266578444624e-31
1.7579236139586966e9	-3.944471952657478e-31
1.7782794100389228e9	-4.268574626496518e-31
1.7988709151287837e9	-4.617494629075094e-31
1.8197008586099825e9	-4.993003520950257e-31
1.8407720014689581e9	-5.396990859316166e-31
1.8620871366628656e9	-5.8314715401234356e-31
1.8836490894898021e9	-6.298593851501048e-31
1.905460717963252e9	-6.8006531269318085e-31
1.9275249131909366e9	-7.340072710549623e-31
1.9498445997580414e9	-7.919468993158496e-31
1.9724227361148534e9	-8.541603763824834e-31
1.9952623149688828e9	-9.209425235020785e-31
2.0183663636815596e9	-9.926079164543334e-31
2.0417379446695316e9	-1.0694899020073035e-30
2.065380155810527e9	-1.151944084975808e-30
2.0892961308540409e9	-1.2403489612534391e-30
2.1134890398366432e9	-1.335106805419814e-30
2.1379620895022326e9	-1.4366454027137936e-30
2.1627185237270246e9	-1.5454196487890099e-30
2.187761623949552e9	-1.6619129654560104e-30
2.213094709605641e9	-1.7866399075365752e-30
2.238721138568338e9	-1.9201447449173047e-30
2.264644307593062e9	-2.0630100743724374e-30
2.29086765276777e9	-2.2158491983566272e-30
2.3173946499684796e9	-2.3793170900630713e-30
2.3442288153199277e9	-2.554106776350455e-30
2.3713737056616554e9	-2.740953967084273e-30
2.398832919019485e9	-2.940646482008851e-30
2.426610095082414e9	-3.1540143451394223e-30
2.454708915685034e9	-3.381929891165479e-30
2.483133105295568e9	-3.6253301170472486e-30
2.511886431509582e9	-3.885204385322235e-30
2.5409727055493116e9	-4.162601756990884e-30
2.5703957827688646e9	-4.458633952243414e-30
2.600159563165267e9	-4.774479118496949e-30
2.6302679918953815e9	-5.111385265490405e-30
2.660725059798814e9	-5.4706706791804334e-30
2.6915348039269137e9	-5.853743127474523e-30
2.7227013080779157e9	-6.262084198210641e-30
2.7542287033381634e9	-6.69723230345028e-30
2.786121168629772e9	-7.160905392431018e-30
2.818382931264449e9	-7.654831409647191e-30
2.8510182675039096e9	-8.180871477867995e-30
2.8840315031266117e9	-8.740997217392098e-30
2.917427014001166e9	-9.337288809101769e-30
2.95120922666639e9	-9.97194952960502e-30
2.9853826189179573e9	-1.0647303504665879e-29
3.019951720402019e9	-1.1365851352687402e-29
3.0549211132155094e9	-1.2130120219227671e-29
3.0902954325135922e9	-1.2942898206150088e-29
3.126079367123962e9	-1.380708567427744e-29
3.1622776601683793e9	-1.472575288328782e-29
3.1988951096913905e9	-1.570214156450677e-29
3.235936569296281e9	-1.6739676387499927e-29
3.2734069487883863e9	-1.784197175718923e-29
3.3113112148259077e9	-1.9012841760001922e-29
3.3496543915782795e9	-2.025632180768698e-29
3.3884415613920345e9	-2.157666197449233e-29
3.4276778654645047e9	-2.297835097154627e-29
3.4673685045253096e9	-2.4466125137708137e-29
3.5075187395256796e9	-2.604498236448224e-29
3.5481338923357606e9	-2.772019246708011e-29
3.58921934645005e9	-2.9497316635876244e-29
3.6307805477010174e9	-3.1382212919166404e-29
3.6728230049808426e9	-3.338107228066075e-29
3.715352290971728e9	-3.550040937896236e-29
3.7583740428844357e9	-3.774709716319717e-29
3.8018939632056127e9	-4.012837571432857e-29
3.845917820453543e9	-4.265187979383574e-29
3.890451449942805e9	-4.5325658463364123e-29
3.9355007545577803e9	-4.815818176945282e-29
3.9810717055349693e9	-5.115837944609024e-29
4.027170343254595e9	-5.433564797505047e-29
4.073802778041122e9	-5.769993289179893e-29
4.1209751909733043e9	-6.126162963074613e-29
4.1686938347033634e9	-6.503173800177221e-29
4.2169650342858224e9	-6.902182775520515e-29
4.265795188015917e9	-7.324407930723159e-29
4.31519076827765e9	-7.77113138830901e-29
4.365158322401666e9	-8.243702978113407e-29
4.415704473533121e9	-8.743543198450806e-29
4.466835921509635e9	-9.272239023748848e-29
4.518559443749235e9	-9.831086924373093e-29
4.570881896148752e9	-1.0422018274968126e-28
4.623810213992594e9	-1.1046680122479068e-28
4.677351412871982e9	-1.1706909294507152e-28
4.731512589614813e9	-1.2404632353193542e-28
4.78630092322638e9	-1.3141868636935144e-28
4.841723675840999e9	-1.392075676303753e-28
4.897788193684457e9	-1.4743535985535282e-28
4.954501908047905e9	-1.5612563309028327e-28
5.011872336272715e9	-1.6530315729768883e-28
5.069907082747045e9	-1.7499399140348763e-28
5.128613839913659e9	-1.8522552396720084e-28
5.18800038928961e9	-1.9602654234320138e-28
5.248074602497734e9	-2.074273067217663e-28
5.308844442309879e9	-2.1945962154529818e-28
5.370317963702533e9	-2.3215690816823224e-28
5.432503314924325e9	-2.4555429056514025e-28
5.495408738576248e9	-2.5968867555314948e-28
5.559042572704048e9	-2.7459884219822027e-28
5.623413251903491e9	-2.903255297787341e-28
5.688529308438401e9	-3.0691154466996855e-28
5.754399373371567e9	-3.2440184857089935e-28
5.821032177708722e9	-3.428436738009357e-28
5.888436553555884e9	-3.622866130451949e-28
5.95662143529011e9	-3.8278280189172253e-28
6.025595860743593e9	-4.043869524339867e-28
6.095368972401693e9	-4.2715653116509855e-28
6.16595001861481e9	-4.5115188805333125e-28
6.237348354824191e9	-4.76436392952741e-28
6.309573444801943e9	-5.030765839433051e-28
6.382634861905482e9	-5.311423219116648e-28
6.456542290346562e9	-5.6070695255997445e-28
6.531305526474716e9	-5.918474734620072e-28
6.606934480075964e9	-6.24644722730067e-28
6.683439175686135e9	-6.59183549976022e-28
6.760829753919819e9	-6.955530249904421e-28
6.839116472814306e9	-7.338466357407118e-28
6.918309709189363e9	-7.741624791200399e-28
6.998419960022745e9	-8.166035601713743e-28
7.079457843841373e9	-8.612779392264028e-28
7.161434102129027e9	-9.082990293348865e-28
7.244359600749891e9	-9.577858786252623e-28
7.328245331389045e9	-1.009863352887457e-27
7.413102413009192e9	-1.064662437137337e-27
7.498942093324558e9	-1.1223206868859005e-27
7.585775750291821e9	-1.1829824283134725e-27
7.673614893618186e9	-1.2467988665272932e-27
7.762471166286927e9	-1.3139288914695034e-27
7.85235634610071e9	-1.3845390157558684e-27
7.943282347242822e9	-1.4588040272574987e-27
8.035261221856194e9	-1.5369072643756116e-27
8.128305161640995e9	-1.6190409741047235e-27
8.2224264994706955e9	-1.7054068803165242e-27
8.317637711026709e9	-1.796216552362587e-27
8.413951416451964e9	-1.8916918846917485e-27
8.511380382023759e9	-1.9920656009221306e-27
8.609937521846016e9	-2.0975818173307056e-27
8.709635899560797e9	-2.2084965176124684e-27
8.810488730080147e9	-2.3250781697370242e-27
8.91250938133744e9	-2.447608027837911e-27
9.01571137605957e9	-2.5763818628120432e-27
9.120108393559114e9	-2.7117090449466176e-27
9.225714271547628e9	-2.853914211654473e-27
9.332543007969925e9	-3.003338228338959e-27
9.440608762859226e9	-3.160337158899627e-27
9.549925860214369e9	-3.3252857384639255e-27
9.66050878989812e9	-3.498576075103552e-27
9.772372209558111e9	-3.680620133776091e-27
9.88553094656941e9	-3.871849010956392e-27
1.e10	-4.072714948772434e-27
1.0115794542598963e10	-4.2836920716832185e-27
1.0232929922807537e10	-4.5052774334847995e-27
1.0351421666793451e10	-4.737992097629953e-27
1.0471285480508986e10	-4.982382352473568e-27
1.0592537251772898e10	-5.239020814528232e-27
1.0715193052376093e10	-5.508507756356917e-27
1.0839269140212038e10	-5.7914724102217104e-27
1.096478196143183e10	-6.088574351345712e-27
1.1091748152624008e10	-6.4005049468599405e-27
1.1220184543019653e10	-6.728000331424293e-27
1.1350108156723143e10	-7.071785722169929e-27
1.1481536214968842e10	-7.432691604775293e-27
1.1614486138403414e10	-7.811540962881612e-27
1.1748975549395304e10	-8.209208421622138e-27
1.1885022274370165e10	-8.62661060955072e-27
1.2022644346174131e10	-9.064708720432629e-27
1.2161860006463703e10	-9.524508566404871e-27
1.2302687708123812e10	-1.0007065859131374e-26
1.244514611771387e10	-1.051348646041622e-26
1.2589254117941662e10	-1.1044929091590543e-26
1.273503081016663e10	-1.1602608638848865e-26
1.2882495516931322e10	-1.2187797690957656e-26
1.3031667784523e10	-1.2801830025029055e-26
1.31825673855641e10	-1.344610334713677e-26
1.333521432163324e10	-1.4122082294626084e-26
1.3489628825916506e10	-1.4831301678969883e-26
1.3645831365889238e10	-1.5575369332435477e-26
1.3803842646028866e10	-1.6355971433072772e-26
1.3963683610559362e10	-1.717487356353304e-26
1.4125375446227554e10	-1.8033925790981615e-26
1.4288939585111067e10	-1.8935067103054873e-26
1.445439770745928e10	-1.9880329060520654e-26
1.4621771744567154e10	-2.0871840284785004e-26
1.4791083881682072e10	-2.1911831113000926e-26
1.4962356560944359e10	-2.300263842853275e-26
1.5135612484362072e10	-2.4146710679959812e-26
1.5310874616820318e10	-2.534661326654605e-26
1.5488166189124796e10	-2.66050339396314e-26
1.5667510701081501e10	-2.792478879071793e-26
1.5848931924611109e10	-2.9308828226284306e-26
1.6032453906900417e10	-3.0760237460440104e-26
1.621810097358933e10	-3.2282266710206267e-26
1.6405897731995388e10	-3.3878303100165585e-26
1.6595869074375631e10	-3.5551901269751123e-26
1.678804018122559e10	-3.730679237780407e-26
1.698243652461746e10	-3.914685629120564e-26
1.717908387157586e10	-4.1076201828146283e-26
1.7378008287493763e10	-4.3099104572864197e-26
1.7579236139586967e10	-4.5220048681327453e-26
1.778279410038923e10	-4.744373291918469e-26
1.7988709151287838e10	-4.9775082470710915e-26
1.8197008586099827e10	-5.221925347670006e-26
1.8407720014689583e10	-5.478164280920612e-26
1.8620871366628654e10	-5.746792789150454e-26
1.883649089489802e10	-6.028401851799034e-26
1.9054607179632523e10	-6.323613181820207e-26
1.9275249131909367e10	-6.63307734004525e-26
1.9498445997580414e10	-6.957475694721355e-26
1.9724227361148533e10	-7.297522610962632e-26
1.9952623149688828e10	-7.653965412410909e-26
2.0183663636815598e10	-8.02758837099653e-26
2.0417379446695316e10	-8.419209701682263e-26
2.065380155810527e10	-8.8296912577277e-26
2.089296130854041e10	-9.259932591017725e-26
2.1134890398366432e10	-9.710876780120256e-26
2.1379620895022324e10	-1.0183511672909343e-25
2.1627185237270245e10	-1.0678872100501766e-25
2.1877616239495518e10	-1.119804162128811e-25
2.2130947096056408e10	-1.174215549817371e-25
2.2387211385683376e10	-1.2312403663646517e-25
2.264644307593062e10	-1.2910030778376881e-25
2.29086765276777e10	-1.3536341767360965e-25
2.3173946499684795e10	-1.41927031370898e-25
2.3442288153199276e10	-1.4880546188965573e-25
2.3713737056616554e10	-1.560137010614956e-25
2.398832919019485e10	-1.6356745112197846e-25
2.4266100950824142e10	-1.7148315708764045e-25
2.4547089156850334e10	-1.797780490654883e-25
2.4831331052955677e10	-1.8847016802640263e-25
2.511886431509582e10	-1.9757841171577036e-25
2.540972705549312e10	-2.071225734082751e-25
2.570395782768865e10	-2.17123383884566e-25
2.6001595631652668e10	-2.276025561793867e-25
2.6302679918953815e10	-2.3858283259273652e-25
2.660725059798814e10	-2.5008803089564144e-25
2.691534803926914e10	-2.6214309804569422e-25
2.7227013080779156e10	-2.7477416202716123e-25
2.7542287033381634e10	-2.8800858760069374e-25
2.786121168629772e10	-3.018750362562127e-25
2.8183829312644493e10	-3.1640352445784204e-25
2.8510182675039097e10	-3.316254926155111e-25
2.8840315031266117e10	-3.4757386525178585e-25
2.9174270140011658e10	-3.6428312769505375e-25
2.9512092266663902e10	-3.8178939770408604e-25
2.9853826189179573e10	-4.0013049988534364e-25
3.019951720402019e10	-4.19346050415484e-25
3.054921113215509e10	-4.394775392638991e-25
3.090295432513592e10	-4.6056841924530355e-25
3.126079367123962e10	-4.82664199958017e-25
3.1622776601683792e10	-5.058125399068253e-25
3.1988951096913906e10	-5.300633552045283e-25
3.235936569296281e10	-5.554689310836748e-25
3.273406948788386e10	-5.820839982563788e-25
3.3113112148259075e10	-6.099659022290124e-25
3.3496543915782795e10	-6.391746925211502e-25
3.388441561392034e10	-6.6977324886483775e-25
3.4276778654645046e10	-7.018274524302607e-25
3.46736850452531e10	-7.354062570707153e-25
3.50751873952568e10	-7.7058190578895775e-25
3.5481338923357605e10	-8.074300476070237e-25
3.5892193464500496e10	-8.460299079054047e-25
3.630780547701018e10	-8.864644566046292e-25
3.6728230049808426e10	-9.288205894267146e-25
3.715352290971728e10	-9.731892958306528e-25
3.758374042884435e10	-1.019665872894166e-24
3.801893963205613e10	-1.068350129767505e-24
3.845917820453543e10	-1.11934657927362e-24
3.890451449942805e10	-1.1727646765820124e-24
3.9355007545577805e10	-1.2287190463108298e-24
3.981071705534969e10	-1.2873297338492181e-24
4.027170343254595e10	-1.3487224501877235e-24
4.073802778041122e10	-1.4130288467050016e-24
4.120975190973304e10	-1.4803868004450772e-24
4.168693834703364e10	-1.5509406818432475e-24
4.216965034285822e10	-1.6248416971290068e-24
4.2657951880159164e10	-1.702248190689467e-24
4.3151907682776505e10	-1.7833259842062665e-24
4.3651583224016655e10	-1.8682487317657456e-24
4.415704473533121e10	-1.9571982866371386e-24
4.466835921509635e10	-2.0503650899945986e-24
4.5185594437492355e10	-2.1479485766089883e-24
4.570881896148752e10	-2.250157597557681e-24
4.623810213992594e10	-2.357210865765007e-24
4.677351412871981e10	-2.4693374201118195e-24
4.7315125896148125e10	-2.5867771138848897e-24
4.78630092322638e10	-2.709781124087676e-24
4.841723675840999e10	-2.838612485845789e-24
4.897788193684457e10	-2.973546651529559e-24
4.954501908047906e10	-3.1148720778582477e-24
5.011872336272715e10	-3.262890847106498e-24
5.069907082747044e10	-3.4179192595833424e-24
5.128613839913659e10	-3.580288609959864e-24
5.1880003892896095e10	-3.7503457867423155e-24
5.248074602497734e10	-3.928453828988325e-24
5.308844442309879e10	-4.1149938549005574e-24
5.370317963702533e10	-4.310363536906969e-24
5.432503314924325e10	-4.514980282122881e-24
5.495408738576248e10	-4.7292809523018856e-24
5.559042572704048e10	-4.953723015478178e-24
5.6234132519034904e10	-5.1887855594753735e-24
5.688529308438402e10	-5.434970248411285e-24
5.754399373371567e10	-5.692802429994466e-24
5.821032177708722e10	-5.9628321933376735e-24
5.888436553555884e10	-6.245635731879846e-24
5.956621435290109e10	-6.541816276221224e-24
6.0255958607435936e10	-6.852005571791171e-24
6.095368972401694e10	-7.176865170300552e-24
6.1659500186148094e10	-7.517087837431634e-24
6.237348354824191e10	-7.873399066677872e-24
6.3095734448019424e10	-8.246558446297325e-24
6.3826348619054825e10	-8.637361538138731e-24
6.456542290346562e10	-9.04664145485451e-24
6.531305526474716e10	-9.475270417085524e-24
6.606934480075964e10	-9.924161988409044e-24
6.683439175686135e10	-1.0394272764160659e-23
6.760829753919819e10	-1.0886604453087211e-23
6.839116472814307e10	-1.1402206055283429e-23
6.918309709189363e10	-1.1942176014456686e-23
6.998419960022745e10	-1.2507664606701913e-23
7.079457843841373e10	-1.3099876360613005e-23
7.161434102129027e10	-1.372007263930321e-23
7.244359600749892e10	-1.4369574256613537e-23
7.328245331389044e10	-1.5049764371680886e-23
7.413102413009192e10	-1.5762091367806008e-23
7.498942093324559e10	-1.6508071941534348e-23
7.58577575029182e10	-1.7289294325933178e-23
7.673614893618185e10	-1.8107421661843714e-23
7.762471166286928e10	-1.896419553217171e-23
7.85235634610071e10	-1.986143965102734e-23
7.943282347242822e10	-2.0801063750776316e-23
8.035261221856194e10	-2.1785067625921034e-23
8.128305161640996e10	-2.2815544495115464e-23
8.222426499470695e10	-2.3894689905806917e-23
8.317637711026709e10	-2.5024797453550895e-23
8.413951416451965e10	-2.6208272598319114e-23
8.51138038202376e10	-2.744763332358647e-23
8.609937521846016e10	-2.87455163316405e-23
8.709635899560797e10	-3.010468267300385e-23
8.810488730080147e10	-3.152802359458444e-23
8.91250938133744e10	-3.3018566689568075e-23
9.01571137605957e10	-3.457948231387428e-23
9.120108393559116e10	-3.6214093646954154e-23
9.225714271547629e10	-3.7925870612966806e-23
9.332543007969925e10	-3.971845302634e-23
9.440608762859225e10	-4.1595660043371436e-23
9.549925860214369e10	-4.356147988442679e-23
9.660508789898122e10	-4.562009226986221e-23
9.772372209558112e10	-4.77758746699157e-23
9.88553094656941e10	-5.003341029329015e-23
1.e11	-5.239749867393882e-23
1.0115794542598962e11	-5.487316564437755e-23
1.0232929922807536e11	-5.746567400491911e-23
1.0351421666793452e11	-6.01805346943771e-23
1.0471285480508984e11	-6.302351848730315e-23
1.0592537251772897e11	-6.600066824257106e-23
1.0715193052376093e11	-6.911831172928311e-23
1.0839269140212039e11	-7.238307505722765e-23
1.0964781961431828e11	-7.580189674037148e-23
1.1091748152624008e11	-7.938204242321898e-23
1.1220184543019653e11	-8.313112030083283e-23
1.1350108156723143e11	-8.705709725491234e-23
1.148153621496884e11	-9.116831581147608e-23
1.1614486138403462e11	-9.547351177019901e-23
1.1748975549395303e11	-9.998183279555844e-23
1.1885022274370164e11	-1.0470285783206369e-22
1.2022644346174132e11	-1.096466173754211e-22
1.2161860006463704e11	-1.1482361484565367e-22
1.2302687708123811e11	-1.2024484870426389e-22
1.2445146117713818e11	-1.2592183627750138e-22
1.2589254117941661e11	-1.3186663748911974e-22
1.2735030810166629e11	-1.3809188092834536e-22
1.2882495516931323e11	-1.4461079052981888e-22
1.3031667784523e11	-1.514372133766544e-22
1.31825673855641e11	-1.585856501732229e-22
1.333521432163324e11	-1.6607128424210166e-22
1.3489628825916505e11	-1.7391001512247346e-22
1.3645831365889238e11	-1.8211849200900002e-22
1.3803842646028867e11	-1.907141483687621e-22
1.3963683610559363e11	-1.9971524009510425e-22
1.4125375446227554e11	-2.0914088346829827e-22
1.4288939585111066e11	-2.190110959140481e-22
1.445439770745928e11	-2.2934683848210726e-22
1.4621771744567154e11	-2.401700603188867e-22
1.479108388168207e11	-2.515037452442715e-22
1.4962356560944357e11	-2.6337196051959566e-22
1.5135612484362073e11	-2.7579990787302357e-22
1.531087461682032e11	-2.8881397714597794e-22
1.548816618912486e11	-3.0244180205419843e-22
1.56675107010815e11	-3.167123188720072e-22
1.5848931924611108e11	-3.316558279855119e-22
1.6032453906900418e11	-3.473040580440006e-22
1.621810097358933e11	-3.636902333169114e-22
1.640589773199539e11	-3.808491441888029e-22
1.659586907437556e11	-3.9881722702560103e-22
1.678804018122559e11	-4.1763261775698257e-22
1.698243652461746e11	-4.373352676533587e-22
1.7179083871575858e11	-4.579670053319162e-22
1.7378008287493762e11	-4.795716310742271e-22
1.7579236139586966e11	-5.021950097565637e-22
1.7782794100389227e11	-5.258851681601771e-22
1.7988709151287836e11	-5.506923968678863e-22
1.8197008586099826e11	-5.766693569631125e-22
1.840772001468958e11	-6.038711813861535e-22
1.8620871366628656e11	-6.323556330278163e-22
1.883649089489802e11	-6.621831662703653e-22
1.9054607179632523e11	-6.934170953648229e-22
1.9275249131909366e11	-7.2612371894084e-22
1.9498445997580414e11	-7.603724606269445e-22
1.9724227361148535e11	-7.962360161536412e-22
1.9952623149688828e11	-8.337905083077411e-22
2.0183663636815598e11	-8.73115647364624e-22
2.0417379446695316e11	-9.14294900897658e-22
2.0653801558105356e11	-9.574156706784497e-22
2.0892961308540408e11	-1.0025694781162225e-21
2.1134890398366434e11	-1.0498521584142127e-21
2.1379620895022324e11	-1.099364063888101e-21
2.1627185237270245e11	-1.1512102768645783e-21
2.1877616239495517e11	-1.205500832613904e-21
2.213094709605632e11	-1.2623509527893352e-21
2.238721138568347e11	-1.3218812898685014e-21
2.2646443075930618e11	-1.3842181831151867e-21
2.29086765276777e11	-1.4494939266050105e-21
2.3173946499684796e11	-1.5178470498827398e-21
2.3442288153199274e11	-1.5894226118471032e-21
2.3713737056616553e11	-1.664372508486433e-21
2.398832919019485e11	-1.742855795117881e-21
2.4266100950824142e11	-1.8250390238136268e-21
2.4547089156850336e11	-1.9110965967298988e-21
2.483133105295568e11	-2.001211136088452e-21
2.5118864315095822e11	-2.095573871595255e-21
2.5409727055493115e11	-2.194385046117817e-21
2.5703957827688647e11	-2.2978543404822584e-21
2.6001595631652667e11	-2.4062013182909512e-21
2.6302679918953815e11	-2.519655891704113e-21
2.660725059798814e11	-2.638458809173518e-21
2.691534803926914e11	-2.7628621661630762e-21
2.7227013080779156e11	-2.8931299395538148e-21
2.7542287033381744e11	-3.0295385490399814e-21
2.7861211686297723e11	-3.1723774416082255e-21
2.8183829312644495e11	-3.321949706715203e-21
2.85101826750391e11	-3.478572718988305e-21
2.8840315031266113e11	-3.6425788114901944e-21
2.917427014001166e11	-3.8143159807141745e-21
2.951209226666378e11	-3.9941486248056176e-21
2.9853826189179694e11	-4.182458316575238e-21
3.019951720402019e11	-4.3796446131613166e-21
3.054921113215509e11	-4.586125902749748e-21
3.090295432513592e11	-4.802340293433144e-21
3.1260793671239624e11	-5.028746541690341e-21
3.1622776601683795e11	-5.265825025786644e-21
3.1988951096913904e11	-5.514078764805758e-21
3.235936569296281e11	-5.774034485710906e-21
3.273406948788386e11	-6.0462437406957445e-21
3.3113112148259076e11	-6.331284077195643e-21
3.3496543915782794e11	-6.629760263040878e-21
3.388441561392034e11	-6.94230556934943e-21
3.4276778654645044e11	-7.26958311388252e-21
3.4673685045253094e11	-7.612287267711375e-21
3.5075187395256793e11	-7.97114512817867e-21
3.5481338923357605e11	-8.346918061279377e-21
3.58921934645005e11	-8.740403316733342e-21
3.6307805477010175e11	-9.152435719175119e-21
3.6728230049808575e11	-9.583889439046812e-21
3.715352290971728e11	-1.0035679846952922e-20
3.7583740428844354e11	-1.0508765455409318e-20
3.801893963205613e11	-1.100414995210441e-20
3.845917820453543e11	-1.1522884328986191e-20
3.8904514499428046e11	-1.2066069111691868e-20
3.935500754557764e11	-1.2634856694048627e-20
3.9810717055349854e11	-1.3230453782596697e-20
4.027170343254595e11	-1.3854123955967315e-20
4.073802778041122e11	-1.450719034665435e-20
4.120975190973304e11	-1.5191038445609455e-20
4.1686938347033636e11	-1.590711902304155e-20
4.216965034285823e11	-1.6656951289708943e-20
4.265795188015917e11	-1.744212598554416e-20
4.31519076827765e11	-1.8264308847742147e-20
4.3651583224016656e11	-1.9125244119794606e-20
4.415704473533121e11	-2.0026758251440715e-20
4.466835921509635e11	-2.097076377306485e-20
4.518559443749235e11	-2.1959263352390358e-20
4.570881896148752e11	-2.2994354042803432e-20
4.623810213992594e11	-2.407823173171094e-20
4.677351412871981e11	-2.5213195798379403e-20
4.7315125896148126e11	-2.6401653991480526e-20
4.78630092322638e11	-2.7646127536459835e-20
4.841723675840999e11	-2.8949256483598136e-20
4.8977881936844763e11	-3.031380530818808e-20
4.954501908047905e11	-3.1742668774497326e-20
5.011872336272715e11	-3.3238878076788436e-20
5.0699070827470447e11	-3.4805607266890016e-20
5.1286138399136584e11	-3.6446179990384905e-20
5.1880003892896094e11	-3.81640765345163e-20
5.2480746024977124e11	-3.996294121116117e-20
5.308844442309901e11	-4.1846590087166585e-20
5.3703179637025323e11	-4.3819019079003196e-20
5.432503314924325e11	-4.588441242892369e-20
5.495408738576248e11	-4.80471515805796e-20
5.559042572704049e11	-5.0311824719305285e-20
5.623413251903491e11	-5.268323552303991e-20
5.688529308438401e11	-5.516641481771866e-20
5.754399373371566e11	-5.776663001644867e-20
5.821032177708722e11	-6.048939756844254e-20
5.888436553555884e11	-6.33404931182165e-20
5.95662143529011e11	-6.632596477751066e-20
6.025595860743594e11	-6.94521457027388e-20
6.095368972401693e11	-7.272566752794716e-20
6.16595001861481e11	-7.615347443176321e-20
6.237348354824192e11	-7.974283786729796e-20
6.309573444801943e11	-8.350137198624989e-20
6.382634861905482e11	-8.743704978993269e-20
6.456542290346562e11	-9.15582200414839e-20
6.531305526474742e11	-9.587362497511046e-20
6.606934480075964e11	-1.003924188399632e-19
6.683439175686135e11	-1.0512418731795849e-19
6.760829753919819e11	-1.1007896785673324e-19
6.839116472814307e11	-1.1526727096086315e-19
6.918309709189363e11	-1.207001024865187e-19
6.998419960022716e11	-1.263889869868386e-19
7.079457843841403e11	-1.3234593366596806e-19
7.161434102129027e11	-1.3858368711470011e-19
7.244359600749891e11	-1.4511542901710167e-19
7.328245331389044e11	-1.5195501493566268e-19
7.413102413009192e11	-1.5911695343091848e-19
7.498942093324558e11	-1.666164368423071e-19
7.58577575029182e11	-1.7446937343919825e-19
7.673614893618186e11	-1.8269242144440556e-19
7.762471166286927e11	-1.9130302395901662e-19
7.85235634610071e11	-2.0031944623078577e-19
7.943282347242821e11	-2.0976099344462207e-19
8.035261221856194e11	-2.196473514831563e-19
8.128305161640995e11	-2.299996551413108e-19
8.222426499470696e11	-2.408398641571147e-19
8.317637711026709e11	-2.521909732148527e-19
8.413951416451964e11	-2.640770607133013e-19
8.511380382023759e11	-2.7652333984177685e-19
8.609937521846017e11	-2.895562120614451e-19
8.709635899560833e11	-3.032033231070928e-19
8.810488730080146e11	-3.174936216282286e-19
8.91250938133744e11	-3.3245742059385953e-19
9.01571137605957e11	-3.4812646159116898e-19
9.120108393559115e11	-3.6453398215450886e-19
9.225714271547628e11	-3.817147862675341e-19
9.332543007969886e11	-3.997053181880137e-19
9.440608762859265e11	-4.185437397518867e-19
9.549925860214369e11	-4.382700113205123e-19
9.660508789898121e11	-4.589259765429856e-19
9.772372209558112e11	-4.805554511130518e-19
9.885530946569412e11	-5.032043157090627e-19
1.e12	-5.269206133140796e-19
