1.e7	1.
1.0115794542598983e7	1.
1.0232929922807537e7	1.
1.035142166679343e7	1.
1.0471285480508985e7	1.
1.0592537251772897e7	1.
1.0715193052376071e7	1.
1.0839269140212039e7	1.
1.0964781961431852e7	1.
1.109174815262401e7	1.
1.122018454301963e7	1.
1.1350108156723144e7	1.
1.1481536214968817e7	1.
1.1614486138403438e7	1.
1.1748975549395302e7	1.
1.188502227437019e7	1.
1.202264434617413e7	1.
1.2161860006463679e7	1.
1.230268770812381e7	1.
1.2445146117713844e7	1.
1.2589254117941663e7	1.
1.2735030810166629e7	1.
1.288249551693135e7	1.
1.3031667784523001e7	1.
1.3182567385564074e7	1.
1.333521432163324e7	1.
1.3489628825916532e7	1.
1.3645831365889238e7	1.
1.3803842646028839e7	1.
1.3963683610559363e7	1.
1.4125375446227554e7	1.
1.4288939585111037e7	1.
1.445439770745928e7	1.
1.4621771744567184e7	1.
1.4791083881682072e7	1.
1.4962356560944328e7	1.
1.5135612484362071e7	1.
1.5310874616820287e7	1.
1.5488166189124828e7	1.
1.5667510701081501e7	1.
1.5848931924611142e7	1.
1.6032453906900417e7	1.
1.62181009735893e7	1.
1.6405897731995387e7	1.
1.6595869074375596e7	1.
1.678804018122559e7	1.
1.698243652461746e7	1.
1.7179083871575896e7	1.
1.737800828749376e7	1.
1.757923613958693e7	1.
1.7782794100389227e7	1.
1.7988709151287872e7	1.
1.8197008586099826e7	1.
1.8407720014689546e7	1.
1.8620871366628658e7	1.
1.883649089489802e7	1.
1.905460717963248e7	1.
1.9275249131909367e7	1.
1.9498445997580454e7	1.
1.9724227361148532e7	1.
1.9952623149688788e7	1.
2.0183663636815596e7	1.
2.0417379446695276e7	1.
2.0653801558105312e7	1.
2.0892961308540408e7	1.
2.1134890398366477e7	1.
2.1379620895022325e7	1.
2.1627185237270202e7	1.
2.187761623949552e7	1.
2.2130947096056364e7	1.
2.2387211385683376e7	1.
2.2646443075930618e7	1.
2.290867652767775e7	1.
2.3173946499684796e7	1.
2.3442288153199226e7	1.
2.3713737056616552e7	1.
2.3988329190194897e7	1.
2.426610095082414e7	1.
2.4547089156850286e7	1.
2.483133105295568e7	1.
2.5118864315095823e7	1.
2.5409727055493064e7	1.
2.5703957827688646e7	1.
2.600159563165272e7	1.
2.6302679918953814e7	1.
2.6607250597988084e7	1.
2.6915348039269138e7	1.
2.7227013080779098e7	1.
2.754228703338169e7	1.
2.7861211686297722e7	1.
2.818382931264455e7	1.
2.8510182675039098e7	1.
2.8840315031266056e7	1.
2.917427014001166e7	1.
2.9512092266663842e7	1.
2.9853826189179573e7	1.
3.019951720402019e7	1.
3.0549211132155154e7	1.
3.090295432513592e7	1.
3.126079367123956e7	1.
3.162277660168379e7	1.
3.198895109691397e7	1.
3.235936569296281e7	1.
3.2734069487883795e7	1.
3.3113112148259077e7	1.
3.3496543915782794e7	1.
3.388441561392027e7	1.
3.427677865464505e7	1.
3.4673685045253165e7	1.
3.5075187395256795e7	1.
3.548133892335753e7	1.
3.58921934645005e7	1.
3.6307805477010176e7	1.
3.67282300498085e7	1.
3.715352290971728e7	1.
3.758374042884443e7	1.
3.8018939632056125e7	1.
3.845917820453535e7	1.
3.890451449942805e7	1.
3.935500754557773e7	1.
3.981071705534969e7	1.
4.027170343254595e7	1.
4.07380277804113e7	1.
4.120975190973304e7	1.
4.168693834703355e7	1.
4.2169650342858225e7	1.
4.265795188015926e7	1.
4.31519076827765e7	1.
4.365158322401656e7	1.
4.415704473533121e7	1.
4.466835921509635e7	1.
4.518559443749226e7	1.
4.570881896148752e7	1.
4.623810213992603e7	1.
4.6773514128719814e7	1.
4.7315125896148026e7	1.
4.78630092322638e7	1.
4.841723675840999e7	1.
4.897788193684466e7	1.
4.9545019080479056e7	1.
5.011872336272725e7	1.
5.0699070827470444e7	1.
5.128613839913648e7	1.
5.188000389289609e7	1.
5.248074602497723e7	1.
5.3088444423098795e7	1.
5.370317963702533e7	1.
5.432503314924336e7	1.
5.495408738576248e7	1.
5.559042572704037e7	1.
5.623413251903491e7	1.
5.688529308438413e7	1.
5.754399373371567e7	1.
5.82103217770871e7	1.
5.888436553555884e7	1.
5.956621435290109e7	1.
6.025595860743581e7	1.
6.0953689724016935e7	1.
6.165950018614822e7	1.
6.237348354824191e7	1.
6.3095734448019296e7	1.
6.3826348619054824e7	1.
6.456542290346563e7	1.
6.531305526474729e7	1.
6.606934480075964e7	1.
6.6834391756861486e7	1.
6.760829753919819e7	1.
6.839116472814293e7	1.
6.918309709189363e7	1.
6.998419960022731e7	1.
7.079457843841374e7	1.
7.161434102129027e7	1.
7.244359600749905e7	1.
7.328245331389044e7	1.
7.413102413009177e7	1.
7.498942093324558e7	1.
7.585775750291836e7	1.
7.673614893618186e7	1.
7.762471166286911e7	1.
7.85235634610071e7	1.
7.943282347242822e7	1.
8.035261221856177e7	1.
8.128305161640996e7	1.
8.222426499470712e7	1.
8.317637711026709e7	1.
8.413951416451947e7	1.
8.511380382023759e7	1.
8.609937521846016e7	1.
8.709635899560814e7	1.
8.810488730080147e7	1.
8.91250938133746e7	1.
9.015711376059571e7	1.
9.120108393559097e7	1.
9.225714271547629e7	1.
9.332543007969905e7	1.
9.440608762859227e7	1.
9.549925860214369e7	1.
9.66050878989814e7	1.
9.772372209558111e7	1.
9.88553094656939e7	1.
1.e8	1.
1.0115794542599003e8	1.
1.0232929922807537e8	1.
1.0351421666793452e8	1.
1.0471285480508985e8	1.
1.0592537251772897e8	1.
1.0715193052376048e8	1.
1.0839269140212038e8	1.
1.0964781961431828e8	1.
1.109174815262401e8	1.
1.1220184543019652e8	1.
1.1350108156723143e8	1.
1.1481536214968841e8	1.
1.1614486138403414e8	1.
1.1748975549395303e8	1.
1.1885022274370165e8	1.
1.2022644346174131e8	1.
1.2161860006463704e8	1.
1.230268770812381e8	1.
1.2445146117713869e8	1.
1.2589254117941661e8	1.
1.2735030810166629e8	1.
1.2882495516931322e8	1.
1.3031667784523e8	1.
1.31825673855641e8	1.0000000000000002
1.333521432163324e8	1.0000000000000002
1.348962882591656e8	1.0000000000000002
1.364583136588924e8	1.0000000000000004
1.3803842646028867e8	1.0000000000000009
1.3963683610559362e8	1.0000000000000013
1.4125375446227553e8	1.0000000000000022
1.4288939585111007e8	1.0000000000000033
1.445439770745928e8	1.0000000000000053
1.4621771744567153e8	1.0000000000000082
1.479108388168207e8	1.0000000000000127
1.4962356560944358e8	1.0000000000000195
1.5135612484362072e8	1.00000000000003
1.5310874616820318e8	1.0000000000000457
1.5488166189124796e8	1.0000000000000693
1.5667510701081502e8	1.0000000000001044
1.584893192461111e8	1.0000000000001568
1.6032453906900418e8	1.000000000000234
1.621810097358933e8	1.0000000000003477
1.640589773199539e8	1.000000000000514
1.659586907437563e8	1.0000000000007565
1.678804018122559e8	1.000000000001108
1.698243652461746e8	1.0000000000016154
1.717908387157586e8	1.0000000000023441
1.7378008287493762e8	1.000000000003386
1.7579236139586967e8	1.0000000000048692
1.7782794100389227e8	1.0000000000069706
1.798870915128791e8	1.0000000000099356
1.8197008586099824e8	1.0000000000141
1.8407720014689583e8	1.0000000000199238
1.8620871366628656e8	1.0000000000280338
1.883649089489802e8	1.0000000000392795
1.9054607179632443e8	1.000000000054808
1.9275249131909367e8	1.000000000076162
1.9498445997580415e8	1.0000000001054068
1.9724227361148533e8	1.0000000001452969
1.9952623149688828e8	1.0000000001994902
2.0183663636815596e8	1.0000000002728247
2.0417379446695316e8	1.0000000003716742
2.065380155810527e8	1.0000000005044027
2.089296130854041e8	1.0000000006819427
2.1134890398366433e8	1.0000000009185286
2.1379620895022324e8	1.000000001232624
2.1627185237270245e8	1.0000000016480879
2.187761623949552e8	1.0000000021956357
2.213094709605641e8	1.0000000029146636
2.238721138568338e8	1.000000003855519
2.264644307593062e8	1.0000000050823112
2.29086765276777e8	1.0000000066763826
2.3173946499684796e8	1.0000000087405758
2.3442288153199276e8	1.0000000114044647
2.3713737056616554e8	1.0000000148307384
2.3988329190194947e8	1.0000000192229659
2.4266100950824144e8	1.0000000248350107
2.4547089156850335e8	1.0000000319823985
2.4831331052955678e8	1.0000000410559997
2.511886431509582e8	1.0000000525384403
2.5409727055493012e8	1.000000067023715
2.5703957827688646e8	1.0000000852405522
2.6001595631652668e8	1.0000001080801473
2.6302679918953815e8	1.0000001366289797
2.660725059798814e8	1.0000001722075056
2.691534803926914e8	1.0000002164156403
2.7227013080779153e8	1.000000271186034
2.7542287033381635e8	1.0000003388462855
2.786121168629772e8	1.0000004221913505
2.8183829312644494e8	1.0000005245675532
2.8510182675039095e8	1.000000649969745
2.884031503126612e8	1.0000008031545617
2.9174270140011656e8	1.000000989762956
2.9512092266663903e8	1.0000012164801082
2.985382618917957e8	1.0000014911914885
3.019951720402019e8	1.0000018231809058
3.054921113215509e8	1.000002223347057
3.090295432513592e8	1.0000027044500224
3.126079367123962e8	1.0000032813894224
3.1622776601683795e8	1.0000039715173499
3.1988951096914035e8	1.0000047949893953
3.235936569296281e8	1.0000057751572247
3.273406948788386e8	1.0000069390063455
3.311311214825908e8	1.0000083176428258
3.349654391578279e8	1.0000099468328645
3.3884415613920206e8	1.0000118675992058
3.427677865464505e8	1.0000141268784781
3.46736850452531e8	1.000016778243579
3.5075187395256793e8	1.0000198826952498
3.5481338923357606e8	1.0000235095269623
3.58921934645005e8	1.0000277372671798
3.630780547701018e8	1.0000326547029532
3.6728230049808425e8	1.0000383619886613
3.715352290971728e8	1.000044971843502
3.7583740428844357e8	1.000052610841092
3.8018939632056123e8	1.0000614207942162
3.845917820453543e8	1.0000715602374026
3.8904514499428046e8	1.0000832060095735
3.9355007545577806e8	1.0000965549385297
3.981071705534969e8	1.0001118256284802
4.027170343254595e8	1.0001292603512144
4.073802778041122e8	1.0001491270408462
4.120975190973304e8	1.0001717213913315
4.168693834703364e8	1.0001973690551682
4.2169650342858225e8	1.0002264279408604
4.265795188015934e8	1.0002592906057957
4.31519076827765e8	1.000296386740501
4.3651583224016654e8	1.000338185738557
4.415704473533121e8	1.000385199346626
4.466835921509635e8	1.0004379843868543
4.518559443749217e8	1.0004971455435616
4.570881896148752e8	1.000563338204841
4.623810213992594e8	1.000637271348681
4.677351412871981e8	1.0007197104621697
4.731512589614813e8	1.0008114804813102
4.7863009232263803e8	1.0009134687379997
4.841723675840999e8	1.0010266278997404
4.8977881936844563e8	1.0011519788867649
4.9545019080479056e8	1.0012906137504005
5.011872336272715e8	1.0014436984957193
5.0699070827470446e8	1.0016124758308296
5.1286138399136585e8	1.0017982678245487
5.188000389289609e8	1.0020024784536958
5.248074602497734e8	1.002226596020837
5.308844442309879e8	1.0024721954230267
5.370317963702532e8	1.0027409402519312
5.432503314924325e8	1.0030345847056747
5.495408738576248e8	1.0033549752928492
5.559042572704048e8	1.0037040523093568
5.623413251903491e8	1.0040838510691328
5.688529308438425e8	1.0044965028703
5.754399373371567e8	1.0049442356789435
5.821032177708721e8	1.005429374513649
5.888436553555884e8	1.0059543415143966
5.956621435290109e8	1.0065216556812773
6.025595860743569e8	1.0071339322688906
6.095368972401694e8	1.0077938818240948
6.16595001861481e8	1.008504308856049
6.237348354824191e8	1.0092681101290786
6.309573444801943e8	1.010088272570525
6.382634861905483e8	1.0109678707875047
6.456542290346563e8	1.011910064188308
6.531305526474717e8	1.0129180937060662
6.606934480075965e8	1.0139952781242472
6.683439175686135e8	1.0151450100055532
6.760829753919818e8	1.016370751227786
6.839116472814307e8	1.0176760281322828
6.918309709189363e8	1.0190644262925717
6.998419960022745e8	1.0205395849129106
7.079457843841373e8	1.0221051908683596
7.161434102129027e8	1.0237649724000222
7.244359600749891e8	1.0255226924809648
7.328245331389045e8	1.0273821418701745
7.413102413009192e8	1.0293471318737157
7.498942093324559e8	1.0314214868338323
7.585775750291852e8	1.0336090363684076
7.673614893618186e8	1.0359136073846036
7.762471166286927e8	1.0383390158918198
7.852356346100711e8	1.040889058640476
7.943282347242821e8	1.0435675046139377
8.03526122185616e8	1.0463780864020984
8.128305161640995e8	1.0493244914857962
8.222426499470695e8	1.0524103534618798
8.317637711026709e8	1.055639243239299
8.413951416451964e8	1.059014660236807
8.511380382023759e8	1.0625400236131823
8.609937521846017e8	1.0662186635607718
8.709635899560796e8	1.070053812693066
8.810488730080147e8	1.0740485975567617
8.912509381337441e8	1.0782060302982448
9.01571137605957e8	1.0825290005139416
9.120108393559115e8	1.0870202673131604
9.225714271547629e8	1.091682451621274
9.332543007969924e8	1.096518028750053
9.440608762859226e8	1.1015293212608568
9.549925860214369e8	1.1067184921452151
9.660508789898121e8	1.112087538345932
9.772372209558111e8	1.1176382846405233
9.88553094656941e8	1.1233723779071854
1.e9	1.12929128179202
1.0115794542598962e9	1.1353962717945187
1.0232929922807536e9	1.141688430786631
1.0351421666793451e9	1.148168644996988
1.0471285480508986e9	1.1548376003642626
1.0592537251772897e9	1.1616957795388319
1.0715193052376093e9	1.1687434591824317
1.083926914021204e9	1.1759807078405264
1.0964781961431828e9	1.1834073842848551
1.1091748152624009e9	1.1910231363463093
1.1220184543019652e9	1.1988274002392392
1.1350108156723144e9	1.2068194003761805
1.148153621496884e9	1.214998149670324
1.1614486138403413e9	1.2233624503213336
1.1748975549395304e9	1.2319108950785667
1.1885022274370165e9	1.240641868973975
1.202264434617413e9	1.2495535515157625
1.2161860006463704e9	1.2586439193318402
1.230268770812381e9	1.2679107492582307
1.2445146117713869e9	1.277351621818691
1.258925411794166e9	1.2869639251814537
1.2735030810166628e9	1.2967448594436337
1.2882495516931322e9	1.30669144132721
1.3031667784523e9	1.3168005092282367
1.31825673855641e9	1.3270687286078604
1.333521432163324e9	1.3374925977056873
1.3489628825916505e9	1.3480684535554812
1.364583136588924e9	1.358792478282583
1.3803842646028867e9	1.3696607056619583
1.3963683610559363e9	1.3806690279153722
1.4125375446227555e9	1.391813202725862
1.4288939585111065e9	1.403088860447397
1.445439770745928e9	1.4144915114876147
1.4621771744567153e9	1.4260165538413379
1.4791083881682072e9	1.437659280752647
1.496235656094436e9	1.4494148884834186
1.513561248436207e9	1.4612784841664217
1.5310874616820319e9	1.4732450937213146
1.5488166189124796e9	1.4853096698121646
1.5667510701081502e9	1.4974670998256763
1.5848931924611108e9	1.509712213849542
1.6032453906900418e9	1.5220397926311082
1.6218100973589332e9	1.5344445754968676
1.6405897731995387e9	1.54692126821415
1.6595869074375632e9	1.5594645507769225
1.6788040181225588e9	1.5720690850982955
1.698243652461746e9	1.58472952259328
1.7179083871575859e9	1.5974405116358463
1.7378008287493763e9	1.6101967048754569
1.7579236139586966e9	1.6229927663987982
1.7782794100389228e9	1.635823378723543
1.7988709151287837e9	1.6486832496117192
1.8197008586099825e9	1.6615671186911598
1.8407720014689581e9	1.674469763874463
1.8620871366628656e9	1.6873860075657998
1.8836490894898021e9	1.700310722646769
1.905460717963252e9	1.7132388382333894
1.9275249131909366e9	1.7261653451973409
1.9498445997580414e9	1.7390853014453347
1.9724227361148534e9	1.7519938369514043
1.9952623149688828e9	1.7648861585378026
2.0183663636815596e9	1.7777575544010502
2.0417379446695316e9	1.7906033983804734
2.065380155810527e9	1.803419153967325
2.0892961308540409e9	1.8162003780535596
2.1134890398366432e9	1.8289427244198033
2.1379620895022326e9	1.8416419469630958
2.1627185237270246e9	1.8542939026653813
2.187761623949552e9	1.8668945543046545
2.213094709605641e9	1.8794399729111375
2.238721138568338e9	1.8919263399714739
2.264644307593062e9	1.9043499493846405
2.29086765276777e9	1.9167072091735742
2.3173946499684796e9	1.9289946429572702
2.3442288153199277e9	1.9412088911883156
2.3713737056616554e9	1.9533467121614745
2.398832919019485e9	1.9654049827991802
2.426610095082414e9	1.9773806992201983
2.454708915685034e9	1.9892709770980452
2.483133105295568e9	2.0010730518160513
2.511886431509582e9	2.012784278426187
2.5409727055493116e9	2.024402131418939
2.5703957827688646e9	2.035924204311857
2.600159563165267e9	2.0473482090642934
2.6302679918953815e9	2.0586719753264315
2.660725059798814e9	2.069893449530095
2.6915348039269137e9	2.081010693829638
2.7227013080779157e9	2.0920218849007695
2.7542287033381634e9	2.1029253126052896
2.786121168629772e9	2.1137193785298596
2.818382931264449e9	2.124402594406604
2.8510182675039096e9	2.1349735804235666
2.8840315031266117e9	2.145431063432881
2.917427014001166e9	2.155773875064022
2.95120922666639e9	2.1660009497502988
2.9853826189179573e9	2.1761113226755486
3.019951720402019e9	2.1861041276486786
3.0549211132155094e9	2.1959785949129134
3.0902954325135922e9	2.2057340488970074
3.126079367123962e9	2.21536990591498
3.1622776601683793e9	2.2248856718210566
3.1988951096913905e9	2.2342809396261756
3.235936569296281e9	2.2435553870821794
3.2734069487883863e9	2.252708774239648
3.3113112148259077e9	2.261740940985092
3.3496543915782795e9	2.2706518045629682
3.3884415613920345e9	2.279441357087711
3.4276778654645047e9	2.288109663050857
3.4673685045253096e9	2.296656856827976
3.5075187395256796e9	2.3050831401899305
3.5481338923357606e9	2.313388779822742
3.58921934645005e9	2.321574104860157
3.6307805477010174e9	2.329639504432664
3.6728230049808426e9	2.337585425236551
3.715352290971728e9	2.345412369126396
3.7583740428844357e9	2.3531208907340293
3.8018939632056127e9	2.3607115951169595
3.845917820453543e9	2.3681851354388526
3.890451449942805e9	2.375542210684615
3.9355007545577803e9	2.3827835634122936
3.9810717055349693e9	2.3899099775438613
4.027170343254595e9	2.396922276196788
4.073802778041122e9	2.403821319558036
4.1209751909733043e9	2.410608002802018
4.1686938347033634e9	2.417283254053805
4.2169650342858224e9	2.4238480323987788
4.265795188015917e9	2.430303325939711
4.31519076827765e9	2.4366501499020936
4.365158322401666e9	2.442889544788444
4.415704473533121e9	2.449022574582132
4.466835921509635e9	2.4550503250011646
4.518559443749235e9	2.460973901802187
4.570881896148752e9	2.4667944291349384
4.623810213992594e9	2.4725130479471904
4.677351412871982e9	2.478130914440144
4.731512589614813e9	2.4836491985741422
4.78630092322638e9	2.489069082624483
4.841723675840999e9	2.4943917597870238
4.897788193684457e9	2.4996184328331448
4.954501908047905e9	2.504750312813662
5.011872336272715e9	2.5097886178110973
5.069907082747045e9	2.5147345717397593
5.128613839913659e9	2.5195894031929296
5.18800038928961e9	2.5243543443364835
5.248074602497734e9	2.529030629848185
5.308844442309879e9	2.533619495901826
5.370317963702533e9	2.5381221791954287
5.432503314924325e9	2.542539916022588
5.495408738576248e9	2.5468739413861012
5.559042572704048e9	2.5511254881529215
5.623413251903491e9	2.55529578624952
5.688529308438401e9	2.5593860618966833
5.754399373371567e9	2.5633975368827597
5.821032177708722e9	2.5673314278743646
5.888436553555884e9	2.571188945763562
5.95662143529011e9	2.5749712950505037
6.025595860743593e9	2.57867967326051
6.095368972401693e9	2.5823152703945995
6.16595001861481e9	2.5858792684124534
6.237348354824191e9	2.5893728407467984
6.309573444801943e9	2.592797151848223
6.382634861905482e9	2.596153356759424
6.456542290346562e9	2.5994426007179126
6.531305526474716e9	2.6026660187861834
6.606934480075964e9	2.6058247355084054
6.683439175686135e9	2.608919864592674
6.760829753919819e9	2.611952508617891
6.839116472814306e9	2.6149237587643537
6.918309709189363e9	2.617834694567142
6.998419960022745e9	2.6206863836914254
7.079457843841373e9	2.6234798817288025
7.161434102129027e9	2.6262162320138462
7.244359600749891e9	2.6288964654599782
7.328245331389045e9	2.6315216004139126
7.413102413009192e9	2.6340926425278175
7.498942093324558e9	2.636610584648448
7.585775750291821e9	2.639076406722498
7.673614893618186e9	2.6414910757174077
7.762471166286927e9	2.643855545556928
7.85235634610071e9	2.6461707570707445
7.943282347242822e9	2.64843763795748
8.035261221856194e9	2.6506571027604098
8.128305161640995e9	2.6528300528552715
8.2224264994706955e9	2.6549573764495307
8.317637711026709e9	2.6570399485925265
8.413951416451964e9	2.6590786311958974
8.511380382023759e9	2.66107427306374
8.609937521846016e9	2.6630277099319652
8.709635899560797e9	2.6649397645163155
8.810488730080147e9	2.6668112465685523
8.91250938133744e9	2.6686429529403197
9.01571137605957e9	2.6704356676542353
9.120108393559114e9	2.672190161981726
9.225714271547628e9	2.6739071945272093
9.332543007969925e9	2.675587511318187
9.440608762859226e9	2.6772318459008497
9.549925860214369e9	2.6788409194408196
9.66050878989812e9	2.680415440828649
9.772372209558111e9	2.681956106789738
9.88553094656941e9	2.683463601998315
1.e10	2.684938599195174
1.0115794542598963e10	2.6863817593088424
1.0232929922807537e10	2.6877937315798963
1.0351421666793451e10	2.689175153688125
1.0471285480508986e10	2.690526651882295
1.0592537251772898e10	2.6918488411122343
1.0715193052376093e10	2.6931423251630022
1.0839269140212038e10	2.6944076967909094
1.096478196143183e10	2.695645537861161
1.1091748152624008e10	2.696856419486916
1.1220184543019653e10	2.6980409021695513
1.1350108156723143e10	2.6991995359399517
1.1481536214968842e10	2.700332860500623
1.1614486138403414e10	2.701441405368513
1.1748975549395304e10	2.7025256900182537
1.1885022274370165e10	2.7035862240258206
1.2022644346174131e10	2.704623507212368
1.2161860006463703e10	2.7056380297881133
1.2302687708123812e10	2.70663027249617
1.244514611771387e10	2.7076007067561747
1.2589254117941662e10	2.708549794807614
1.273503081016663e10	2.7094779898527293
1.2882495516931322e10	2.7103857361989037
1.3031667784523e10	2.711273469400436
1.31825673855641e10	2.712141616399604
1.333521432163324e10	2.7129905956669376
1.3489628825916506e10	2.713820817340636
1.3645831365889238e10	2.714632683365025
1.3803842646028866e10	2.71542658762802
1.3963683610559362e10	2.7162029160975116
1.4125375446227554e10	2.7169620469566187
1.4288939585111067e10	2.717704350737758
1.445439770745928e10	2.7184301904554795
1.4621771744567154e10	2.719139921738025
1.4791083881682072e10	2.719833892957556
1.4962356560944359e10	2.7205124453590273
1.5135612484362072e10	2.721175913187667
1.5310874616820318e10	2.7218246238150323
1.5488166189124796e10	2.722458897863574
1.5667510701081501e10	2.7230790493298036
1.5848931924611109e10	2.723685385705874
1.6032453906900417e10	2.724278208099677
1.621810097358933e10	2.724857811353404
1.6405897731995388e10	2.7254244841605395
1.6595869074375631e10	2.7259785091812994
1.678804018122559e10	2.7265201631564864
1.698243652461746e10	2.7270497170197707
1.717908387157586e10	2.727567436008366
1.7378008287493763e10	2.7280735797721283
1.7579236139586967e10	2.7285684024810326
1.778279410038923e10	2.729052152931108
1.7988709151287838e10	2.7295250746486817
1.8197008586099827e10	2.729987405993115
1.8407720014689583e10	2.7304393802579083
1.8620871366628654e10	2.7308812257702204
1.883649089489802e10	2.731313165988815
1.9054607179632523e10	2.7317354196004215
1.9275249131909367e10	2.7321482006145454
1.9498445997580414e10	2.732551718456702
1.9724227361148533e10	2.7329461780601196
1.9952623149688828e10	2.7333317799558916
2.0183663636815598e10	2.7337087203616166
2.0417379446695316e10	2.7340771912685127
2.065380155810527e10	2.734437380527039
2.089296130854041e10	2.7347894719310286
2.1134890398366432e10	2.735133645300347
2.1379620895022324e10	2.735470076562092
2.1627185237270245e10	2.735798937830353
2.1877616239495518e10	2.7361203974845356
2.2130947096056408e10	2.7364346202462864
2.2387211385683376e10	2.7367417672550047
2.264644307593062e10	2.7370419961419907
2.29086765276777e10	2.7373354611032177
2.3173946499684795e10	2.7376223129707666
2.3442288153199276e10	2.7379026992829303
2.3713737056616554e10	2.7381767643530024
2.398832919019485e10	2.738444649336776
2.4266100950824142e10	2.738706492298766
2.4547089156850334e10	2.738962428277169
2.4831331052955677e10	2.73921258934759
2.511886431509582e10	2.7394571046855347
2.540972705549312e10	2.739696100627709
2.570395782768865e10	2.739929700732125
2.6001595631652668e10	2.740158025837035
2.6302679918953815e10	2.7403811941187226
2.660725059798814e10	2.740599321148156
2.691534803926914e10	2.740812519946521
2.7227013080779156e10	2.7410209010396667
2.7542287033381634e10	2.741224572511464
2.786121168629772e10	2.741423640056101
2.8183829312644493e10	2.7416182070293376
2.8510182675039097e10	2.7418083744987314
2.8840315031266117e10	2.741994241292851
2.9174270140011658e10	2.7421759040495006
2.9512092266663902e10	2.7423534572629635
2.9853826189179573e10	2.74252699333029
3.019951720402019e10	2.742696602596639
3.054921113215509e10	2.742862373399702
3.090295432513592e10	2.7430243921132065
3.126079367123962e10	2.743182743189534
3.1622776601683792e10	2.7433375092014582
3.1988951096913906e10	2.7434887708830207
3.235936569296281e10	2.7436366071695635
3.273406948788386e10	2.7437810952369297
3.3113112148259075e10	2.7439223105398485
3.3496543915782795e10	2.7440603268495236
3.388441561392034e10	2.744195216290434
3.4276778654645046e10	2.744327049376365
3.46736850452531e10	2.744455895045684
3.50751873952568e10	2.7445818206958776
3.5481338923357605e10	2.744704892217358
3.5892193464500496e10	2.744825174026554
3.630780547701018e10	2.744942729098314
3.6728230049808426e10	2.74505761899761
3.715352290971728e10	2.745169903910574
3.758374042884435e10	2.7452796426748782
3.801893963205613e10	2.7453868928094667
3.845917820453543e10	2.7454917105436465
3.890451449942805e10	2.7455941508455695
3.9355007545577805e10	2.7456942674501
3.981071705534969e10	2.74579211288608
4.027170343254595e10	2.7458877385030176
4.073802778041122e10	2.7459811944971984
4.120975190973304e10	2.746072529937236
4.168693834703364e10	2.7461617927890734
4.216965034285822e10	2.7462490299404383
4.2657951880159164e10	2.7463342872247862
4.3151907682776505e10	2.7464176094447046
4.3651583224016655e10	2.7464990403948284
4.415704473533121e10	2.746578622884247
4.466835921509635e10	2.7466563987584345
4.5185594437492355e10	2.746732408920694
4.570881896148752e10	2.746806693353143
4.623810213992594e10	2.7468792911372386
4.677351412871981e10	2.7469502404738533
4.7315125896148125e10	2.7470195787029184
4.78630092322638e10	2.747087342322634
4.841723675840999e10	2.747153567008259
4.897788193684457e10	2.747218287630492
4.954501908047906e10	2.747281538273451
5.011872336272715e10	2.7473433522522495
5.069907082747044e10	2.747403762130204
5.128613839913659e10	2.7474627997356444
5.1880003892896095e10	2.747520496178369
5.248074602497734e10	2.747576881865731
5.308844442309879e10	2.7476319865183747
5.370317963702533e10	2.7476858391856176
5.432503314924325e10	2.747738468260504
5.495408738576248e10	2.7477899014945177
5.559042572704048e10	2.747840166011973
5.6234132519034904e10	2.7478892883240853
5.688529308438402e10	2.7479372943427407
5.754399373371567e10	2.747984209393943
5.821032177708722e10	2.748030058230978
5.888436553555884e10	2.7480748650472804
5.956621435290109e10	2.7481186534890174
6.0255958607435936e10	2.7481614466673867
6.095368972401694e10	2.748203267170652
6.1659500186148094e10	2.748244137075901
6.237348354824191e10	2.7482840779605517
6.3095734448019424e10	2.748323110913592
6.3826348619054825e10	2.7483612565465787
6.456542290346562e10	2.7483985350043874
6.531305526474716e10	2.7484349659757212
6.606934480075964e10	2.748470568703392
6.683439175686135e10	2.748505361994363
6.760829753919819e10	2.748539364229577
6.839116472814307e10	2.748572593373554
6.918309709189363e10	2.748605066983789
6.998419960022745e10	2.7486368022199263
7.079457843841373e10	2.7486678158527367
7.161434102129027e10	2.7486981242728916
7.244359600749892e10	2.7487277434995403
7.328245331389044e10	2.7487566891886956
7.413102413009192e10	2.748784976641434
7.498942093324559e10	2.7488126208119112
7.58577575029182e10	2.748839636315191
7.673614893618185e10	2.7488660374349134
7.762471166286928e10	2.7488918381307785
7.85235634610071e10	2.7489170520458637
7.943282347242822e10	2.7489416925137853
8.035261221856194e10	2.7489657725656893
8.128305161640996e10	2.7489893049370915
8.222426499470695e10	2.7490123020745623
8.317637711026709e10	2.7490347761422593
8.413951416451965e10	2.749056739028318
8.51138038202376e10	2.7490782023510922
8.609937521846016e10	2.74909917746526
8.709635899560797e10	2.7491196754677913
8.810488730080147e10	2.749139707203777
8.91250938133744e10	2.749159283272131
9.01571137605957e10	2.749178414031167
9.120108393559116e10	2.7491971096040375
9.225714271547629e10	2.749215379884065
9.332543007969925e10	2.7492332345399464
9.440608762859225e10	2.749250683020835
9.549925860214369e10	2.74926773456132
9.660508789898122e10	2.7492843981862816
9.772372209558112e10	2.7493006827156456
9.88553094656941e10	2.7493165967690256
1.e11	2.7493321487702644
1.0115794542598962e11	2.749347346951866
1.0232929922807536e11	2.7493621993593385
1.0351421666793452e11	2.749376713855426
1.0471285480508984e11	2.749390898124261
1.0592537251772897e11	2.7494047596754037
1.0715193052376093e11	2.749418305847806
1.0839269140212039e11	2.74943154381368
1.0964781961431828e11	2.7494444805822784
1.1091748152624008e11	2.749457123003589
1.1220184543019653e11	2.7494694777719504
1.1350108156723143e11	2.7494815514295796
1.148153621496884e11	2.749493350370025
1.1614486138403462e11	2.749504880841539
1.1748975549395303e11	2.749516148950371
1.1885022274370164e11	2.7495271606639973
1.2022644346174132e11	2.7495379218142624
1.2161860006463704e11	2.7495484381004593
1.2302687708123811e11	2.749558715092343
1.2445146117713818e11	2.749568758233063
1.2589254117941661e11	2.749578572842041
1.2735030810166629e11	2.749588164117779
1.2882495516931323e11	2.749597537140605
1.3031667784523e11	2.7496066968753547
1.31825673855641e11	2.7496156481739953
1.333521432163324e11	2.749624395778185
1.3489628825916505e11	2.749632944321782
1.3645831365889238e11	2.749641298333289
1.3803842646028867e11	2.749649462238249
1.3963683610559363e11	2.74965744036158
1.4125375446227554e11	2.7496652369298626
1.4288939585111066e11	2.7496728560735746
1.445439770745928e11	2.7496803018292697
1.4621771744567154e11	2.7496875781417156
1.479108388168207e11	2.7496946888659775
1.4962356560944357e11	2.749701637769454
1.5135612484362073e11	2.749708428533872
1.531087461682032e11	2.74971506475723
1.548816618912486e11	2.7497215499557033
1.56675107010815e11	2.7497278875654994
1.5848931924611108e11	2.749734080944681
1.6032453906900418e11	2.749740133374935
1.621810097358933e11	2.749746048063313
1.640589773199539e11	2.749751828143923
1.659586907437556e11	2.749757476679593
1.678804018122559e11	2.7497629966634847
1.698243652461746e11	2.749768391020684
1.7179083871575858e11	2.749773662609737
1.7378008287493762e11	2.749778814224176
1.7579236139586966e11	2.7497838485939865
1.7782794100389227e11	2.749788768387059
1.7988709151287836e11	2.7497935762105934
1.8197008586099826e11	2.749798274612486
1.840772001468958e11	2.749802866082672
1.8620871366628656e11	2.7498073530544467
1.883649089489802e11	2.749811737905749
1.9054607179632523e11	2.749816022960426
1.9275249131909366e11	2.7498202104894576
1.9498445997580414e11	2.7498243027121587
1.9724227361148535e11	2.749828301797359
1.9952623149688828e11	2.749832209864545
2.0183663636815598e11	2.749836028984984
2.0417379446695316e11	2.7498397611828214
2.0653801558105356e11	2.749843408436151
2.0892961308540408e11	2.749846972678063
2.1134890398366434e11	2.749850455797669
2.1379620895022324e11	2.749853859641096
2.1627185237270245e11	2.7498571860124716
2.1877616239495517e11	2.749860436674875
2.213094709605632e11	2.749863613351268
2.238721138568347e11	2.7498667177254146
2.2646443075930618e11	2.749869751442766
2.29086765276777e11	2.7498727161113345
2.3173946499684796e11	2.749875613302545
2.3442288153199274e11	2.749878444552067
2.3713737056616553e11	2.749881211360627
2.398832919019485e11	2.749883915194804
2.4266100950824142e11	2.749886557487808
2.4547089156850336e11	2.749889139640234
2.483133105295568e11	2.7498916630208097
2.5118864315095822e11	2.7498941289671164
2.5409727055493115e11	2.749896538786299
2.5703957827688647e11	2.7498988937557574
2.6001595631652667e11	2.749901195123826
2.6302679918953815e11	2.7499034441104295
2.660725059798814e11	2.749905641907735
2.691534803926914e11	2.7499077896807798
2.7227013080779156e11	2.74990988856809
2.7542287033381744e11	2.749911939682281
2.7861211686297723e11	2.749913944110653
2.8183829312644495e11	2.7499159029157596
2.85101826750391e11	2.7499178171359757
2.8840315031266113e11	2.749919687786047
2.917427014001166e11	2.749921515857625
2.951209226666378e11	2.749923302319795
2.9853826189179694e11	2.7499250481195876
3.019951720402019e11	2.749926754182483
3.054921113215509e11	2.7499284214128994
3.090295432513592e11	2.749930050694672
3.1260793671239624e11	2.7499316428915224
3.1622776601683795e11	2.749933198847515
3.1988951096913904e11	2.7499347193875066
3.235936569296281e11	2.749936205317579
3.273406948788386e11	2.7499376574254732
3.3113112148259076e11	2.7499390764809997
3.3496543915782794e11	2.749940463236448
3.388441561392034e11	2.7499418184269913
3.4276778654645044e11	2.749943142771066
3.4673685045253094e11	2.749944436970762
3.5075187395256793e11	2.749945701712189
3.5481338923357605e11	2.7499469376658396
3.58921934645005e11	2.7499481454869494
3.6307805477010175e11	2.749949325815842
3.6728230049808575e11	2.7499504792782634
3.715352290971728e11	2.749951606485724
3.7583740428844354e11	2.7499527080358117
3.801893963205613e11	2.749953784512516
3.845917820453543e11	2.749954836486536
3.8904514499428046e11	2.749955864515578
3.935500754557764e11	2.7499568691446603
3.9810717055349854e11	2.7499578509063936
4.027170343254595e11	2.749958810321266
4.073802778041122e11	2.7499597478979227
4.120975190973304e11	2.749960664133428
4.1686938347033636e11	2.749961559513536
4.216965034285823e11	2.749962434512944
4.265795188015917e11	2.7499632895955446
4.31519076827765e11	2.7499641252146736
4.3651583224016656e11	2.7499649418133476
4.415704473533121e11	2.7499657398245008
4.466835921509635e11	2.7499665196712133
4.518559443749235e11	2.749967281766935
4.570881896148752e11	2.749968026515706
4.623810213992594e11	2.749968754312372
4.677351412871981e11	2.7499694655427893
4.7315125896148126e11	2.7499701605840334
4.78630092322638e11	2.749970839804596
4.841723675840999e11	2.7499715035645833
4.8977881936844763e11	2.7499721522159035
4.954501908047905e11	2.7499727861024574
5.011872336272715e11	2.7499734055603158
5.0699070827470447e11	2.7499740109179025
5.1286138399136584e11	2.7499746024961644
5.1880003892896094e11	2.749975180608744
5.2480746024977124e11	2.7499757455621454
5.308844442309901e11	2.7499762976558957
5.3703179637025323e11	2.7499768371827047
5.432503314924325e11	2.749977364428619
5.495408738576248e11	2.7499778796731773
5.559042572704049e11	2.7499783831895517
5.623413251903491e11	2.7499788752447003
5.688529308438401e11	2.7499793560995016
5.754399373371566e11	2.749979826008899
5.821032177708722e11	2.7499802852220308
5.888436553555884e11	2.7499807339823663
5.95662143529011e11	2.7499811725278325
6.025595860743594e11	2.7499816010909406
6.095368972401693e11	2.74998201989891
6.16595001861481e11	2.7499824291737873
6.237348354824192e11	2.7499828291325663
6.309573444801943e11	2.7499832199873007
6.382634861905482e11	2.7499836019452184
6.456542290346562e11	2.7499839752088295
6.531305526474742e11	2.749984339976036
6.606934480075964e11	2.7499846964402335
6.683439175686135e11	2.7499850447904177
6.760829753919819e11	2.7499853852112803
6.839116472814307e11	2.7499857178833107
6.918309709189363e11	2.749986042982889
6.998419960022716e11	2.7499863606823833
7.079457843841403e11	2.749986671150233
7.161434102129027e11	2.7499869745510486
7.244359600749891e11	2.7499872710456916
7.328245331389044e11	2.7499875607913626
7.413102413009192e11	2.7499878439416827
7.498942093324558e11	2.7499881206467776
7.58577575029182e11	2.749988391053356
7.673614893618186e11	2.7499886553047865
7.762471166286927e11	2.7499889135411753
7.85235634610071e11	2.749989165899437
7.943282347242821e11	2.749989412513374
8.035261221856194e11	2.7499896535137394
8.128305161640995e11	2.749989889028311
8.222426499470696e11	2.7499901191819607
8.317637711026709e11	2.7499903440967133
8.413951416451964e11	2.74999056389182
8.511380382023759e11	2.749990778683817
8.609937521846017e11	2.7499909885865854
8.709635899560833e11	2.749991193711418
8.810488730080146e11	2.7499913941670706
8.91250938133744e11	2.749991590059826
9.01571137605957e11	2.749991781493547
9.120108393559115e11	2.7499919685697316
9.225714271547628e11	2.749992151387569
9.332543007969886e11	2.749992330043988
9.440608762859265e11	2.749992504633715
9.549925860214369e11	2.7499926752493167
9.660508789898121e11	2.749992841981255
9.772372209558112e11	2.7499930049179317
9.885530946569412e11	2.7499931641457356
1.e12	2.749993319749091
