1.e7	1.0000235586298651
1.0115794542598983e7	1.0000235587061563
1.0232929922807537e7	1.000023558792026
1.035142166679343e7	1.0000235588885333
1.0471285480508985e7	1.0000235589968371
1.0592537251772897e7	1.0000235591182027
1.0715193052376071e7	1.00002355925401
1.0839269140212039e7	1.0000235594057627
1.0964781961431852e7	1.0000235595750946
1.109174815262401e7	1.00002355976378
1.122018454301963e7	1.0000235599737435
1.1350108156723144e7	1.0000235602070675
1.1481536214968817e7	1.000023560466004
1.1614486138403438e7	1.0000235607529837
1.1748975549395302e7	1.000023561070628
1.188502227437019e7	1.0000235614217579
1.202264434617413e7	1.0000235618094067
1.2161860006463679e7	1.000023562236831
1.230268770812381e7	1.000023562707523
1.2445146117713844e7	1.0000235632252212
1.2589254117941663e7	1.000023563793924
1.2735030810166629e7	1.0000235644179007
1.288249551693135e7	1.0000235651017055
1.3031667784523001e7	1.0000235658501893
1.3182567385564074e7	1.0000235666685122
1.333521432163324e7	1.000023567562157
1.3489628825916532e7	1.0000235685369416
1.3645831365889238e7	1.000023569599032
1.3803842646028839e7	1.0000235707549547
1.3963683610559363e7	1.0000235720116104
1.4125375446227554e7	1.0000235733762841
1.4288939585111037e7	1.0000235748566606
1.445439770745928e7	1.0000235764608338
1.4621771744567184e7	1.00002357819732
1.4791083881682072e7	1.0000235800750679
1.4962356560944328e7	1.0000235821034718
1.5135612484362071e7	1.0000235842923793
1.5310874616820287e7	1.0000235866521037
1.5488166189124828e7	1.0000235891934317
1.5667510701081501e7	1.000023591927633
1.5848931924611142e7	1.0000235948664689
1.6032453906900417e7	1.000023598022198
1.62181009735893e7	1.000023601407585
1.6405897731995387e7	1.0000236050359044
1.6595869074375596e7	1.0000236089209462
1.678804018122559e7	1.00002361307702
1.698243652461746e7	1.0000236175189576
1.7179083871575896e7	1.000023622262115
1.737800828749376e7	1.000023627322372
1.757923613958693e7	1.0000236327161331
1.7782794100389227e7	1.0000236384603252
1.7988709151287872e7	1.0000236445723942
1.8197008586099826e7	1.0000236510703013
1.8407720014689546e7	1.0000236579725177
1.8620871366628658e7	1.0000236652980163
1.883649089489802e7	1.0000236730662646
1.905460717963248e7	1.0000236812972136
1.9275249131909367e7	1.0000236900112878
1.9498445997580454e7	1.000023699229371
1.9724227361148532e7	1.0000237089727926
1.9952623149688788e7	1.0000237192633112
2.0183663636815596e7	1.000023730123098
2.0417379446695276e7	1.0000237415747157
2.0653801558105312e7	1.000023753641099
2.0892961308540408e7	1.0000237663455327
2.1134890398366477e7	1.0000237797116263
2.1379620895022325e7	1.000023793763289
2.1627185237270202e7	1.0000238085247015
2.187761623949552e7	1.0000238240202897
2.2130947096056364e7	1.0000238402746904
2.2387211385683376e7	1.0000238573127216
2.2646443075930618e7	1.0000238751593482
2.290867652767775e7	1.000023893839646
2.3173946499684796e7	1.0000239133787658
2.3442288153199226e7	1.0000239338018941
2.3713737056616552e7	1.0000239551342132
2.3988329190194897e7	1.0000239774008604
2.426610095082414e7	1.000024000626884
2.4547089156850286e7	1.0000240248372003
2.483133105295568e7	1.000024050056547
2.5118864315095823e7	1.000024076309436
2.5409727055493064e7	1.0000241036201056
2.5703957827688646e7	1.000024132012471
2.600159563165272e7	1.0000241615100733
2.6302679918953814e7	1.0000241921360271
2.6607250597988084e7	1.0000242239129684
2.6915348039269138e7	1.0000242568629996
2.7227013080779098e7	1.0000242910076353
2.754228703338169e7	1.0000243263677457
2.7861211686297722e7	1.0000243629635
2.818382931264455e7	1.0000244008143084
2.8510182675039098e7	1.0000244399387646
2.8840315031266056e7	1.0000244803545855
2.917427014001166e7	1.0000245220785524
2.9512092266663842e7	1.000024565126451
2.9853826189179573e7	1.0000246095130103
3.019951720402019e7	1.0000246552518417
3.0549211132155154e7	1.0000247023553779
3.090295432513592e7	1.0000247508348115
3.126079367123956e7	1.0000248007000336
3.162277660168379e7	1.000024851959572
3.198895109691397e7	1.0000249046205307
3.235936569296281e7	1.0000249586885266
3.2734069487883795e7	1.0000250141676312
3.3113112148259077e7	1.0000250710603087
3.3496543915782794e7	1.0000251293673563
3.388441561392027e7	1.000025189087845
3.427677865464505e7	1.0000252502190612
3.4673685045253165e7	1.0000253127564496
3.5075187395256795e7	1.0000253766935558
3.548133892335753e7	1.0000254420219725
3.58921934645005e7	1.000025508731285
3.6307805477010176e7	1.000025576809018
3.67282300498085e7	1.0000256462405877
3.715352290971728e7	1.0000257170092504
3.758374042884443e7	1.0000257890960573
3.8018939632056125e7	1.000025862479811
3.845917820453535e7	1.0000259371370221
3.890451449942805e7	1.000026013041871
3.935500754557773e7	1.0000260901661715
3.981071705534969e7	1.0000261684793386
4.027170343254595e7	1.0000262479483568
4.07380277804113e7	1.000026328537756
4.120975190973304e7	1.0000264102095875
4.168693834703355e7	1.000026492923406
4.2169650342858225e7	1.0000265766362553
4.265795188015926e7	1.0000266613026598
4.31519076827765e7	1.0000267468746171
4.365158322401656e7	1.0000268333016007
4.415704473533121e7	1.0000269205305625
4.466835921509635e7	1.0000270085059453
4.518559443749226e7	1.0000270971696978
4.570881896148752e7	1.000027186461297
4.623810213992603e7	1.0000272763177769
4.6773514128719814e7	1.0000273666737611
4.7315125896148026e7	1.0000274574615047
4.78630092322638e7	1.000027548610941
4.841723675840999e7	1.0000276400497354
4.897788193684466e7	1.0000277317033472
4.9545019080479056e7	1.0000278234950948
5.011872336272725e7	1.0000279153462324
5.0699070827470444e7	1.000028007176031
5.128613839913648e7	1.000028098901867
5.188000389289609e7	1.0000281904393176
5.248074602497723e7	1.0000282817022643
5.3088444423098795e7	1.0000283726030021
5.370317963702533e7	1.0000284630523557
5.432503314924336e7	1.0000285529598023
5.495408738576248e7	1.0000286422336033
5.559042572704037e7	1.000028730780937
5.623413251903491e7	1.0000288185080426
5.688529308438413e7	1.0000289053203664
5.754399373371567e7	1.0000289911227156
5.82103217770871e7	1.0000290758194152
5.888436553555884e7	1.0000291593144712
5.956621435290109e7	1.0000292415117358
6.025595860743581e7	1.0000293223150778
6.0953689724016935e7	1.0000294016285562
6.165950018614822e7	1.000029479356595
6.237348354824191e7	1.0000295554041612
6.3095734448019296e7	1.0000296296769426
6.3826348619054824e7	1.0000297020815294
6.456542290346563e7	1.0000297725255922
6.531305526474729e7	1.000029840918061
6.606934480075964e7	1.0000299071693048
6.6834391756861486e7	1.0000299711913057
6.760829753919819e7	1.0000300328978335
6.839116472814293e7	1.0000300922046166
6.918309709189363e7	1.0000301490295067
6.998419960022731e7	1.0000302032926431
7.079457843841374e7	1.0000302549166087
7.161434102129027e7	1.0000303038265814
7.244359600749905e7	1.0000303499504812
7.328245331389044e7	1.000030393219107
7.413102413009177e7	1.0000304335662704
7.498942093324558e7	1.0000304709289198
7.585775750291836e7	1.0000305052472571
7.673614893618186e7	1.0000305364648479
7.762471166286911e7	1.0000305645287204
7.85235634610071e7	1.0000305893894612
7.943282347242822e7	1.0000306110012969
8.035261221856177e7	1.0000306293221723
8.128305161640996e7	1.0000306443138176
8.222426499470712e7	1.00003065594181
8.317637711026709e7	1.0000306641756245
8.413951416451947e7	1.0000306689886813
8.511380382023759e7	1.0000306703583837
8.609937521846016e7	1.0000306682661508
8.709635899560814e7	1.0000306626974445
8.810488730080147e7	1.0000306536417918
8.91250938133746e7	1.000030641092802
9.015711376059571e7	1.0000306250481836
9.120108393559097e7	1.0000306055097548
9.225714271547629e7	1.000030582483456
9.332543007969905e7	1.0000305559793612
9.440608762859227e7	1.00003052601169
9.549925860214369e7	1.000030492598822
9.66050878989814e7	1.000030455763315
9.772372209558111e7	1.000030415531928
9.88553094656939e7	1.0000303719356494
1.e8	1.0000303250097333
1.0115794542599003e8	1.0000302747937453
1.0232929922807537e8	1.000030221331616
1.0351421666793452e8	1.0000301646717096
1.0471285480508985e8	1.0000301048669025
1.0592537251772897e8	1.000030041974677
1.0715193052376048e8	1.000029976057232
1.0839269140212038e8	1.0000299071816097
1.0964781961431828e8	1.0000298354198398
1.109174815262401e8	1.000029760849106
1.1220184543019652e8	1.0000296835519296
1.1350108156723143e8	1.0000296036163796
1.1481536214968841e8	1.0000295211363024
1.1614486138403414e8	1.0000294362115785
1.1748975549395303e8	1.0000293489484016
1.1885022274370165e8	1.0000292594595883
1.2022644346174131e8	1.00002916786491
1.2161860006463704e8	1.000029074291458
1.230268770812381e8	1.0000289788740333
1.2445146117713869e8	1.0000288817555685
1.2589254117941661e8	1.0000287830875787
1.2735030810166629e8	1.0000286830306444
1.2882495516931322e8	1.000028581754924
1.3031667784523e8	1.0000284794406986
1.31825673855641e8	1.0000283762789508
1.333521432163324e8	1.0000282724719716
1.348962882591656e8	1.000028168234005
1.364583136588924e8	1.0000280637919217
1.3803842646028867e8	1.0000279593859258
1.3963683610559362e8	1.0000278552702977
1.4125375446227553e8	1.0000277517141667
1.4288939585111007e8	1.0000276490023186
1.445439770745928e8	1.0000275474360345
1.4621771744567153e8	1.0000274473339665
1.479108388168207e8	1.0000273490330414
1.4962356560944358e8	1.000027252889401
1.5135612484362072e8	1.0000271592793752
1.5310874616820318e8	1.0000270686004862
1.5488166189124796e8	1.0000269812724876
1.5667510701081502e8	1.0000268977384343
1.584893192461111e8	1.0000268184657894
1.6032453906900418e8	1.0000267439475599
1.621810097358933e8	1.0000266747034683
1.640589773199539e8	1.0000266112811578
1.659586907437563e8	1.000026554257432
1.678804018122559e8	1.0000265042395273
1.698243652461746e8	1.0000264618664219
1.717908387157586e8	1.0000264278101807
1.7378008287493762e8	1.0000264027773358
1.7579236139586967e8	1.0000263875103057
1.7782794100389227e8	1.000026382788852
1.798870915128791e8	1.0000263894315777
1.8197008586099824e8	1.0000264082974653
1.8407720014689583e8	1.0000264402874597
1.8620871366628656e8	1.0000264863460944
1.883649089489802e8	1.0000265474631673
1.9054607179632443e8	1.0000266246754654
1.9275249131909367e8	1.0000267190685406
1.9498445997580415e8	1.0000268317785421
1.9724227361148533e8	1.0000269639941097
1.9952623149688828e8	1.0000271169583248
2.0183663636815596e8	1.0000272919707323
2.0417379446695316e8	1.000027490389431
2.065380155810527e8	1.0000277136332394
2.089296130854041e8	1.0000279631839433
2.1134890398366433e8	1.0000282405886292
2.1379620895022324e8	1.0000285474621082
2.1627185237270245e8	1.0000288854894417
2.187761623949552e8	1.0000292564285698
2.213094709605641e8	1.0000296621130533
2.238721138568338e8	1.0000301044549382
2.264644307593062e8	1.000030585447747
2.29086765276777e8	1.0000311071696097
2.3173946499684796e8	1.0000316717865425
2.3442288153199276e8	1.0000322815558849
2.3713737056616554e8	1.0000329388299034
2.3988329190194947e8	1.0000336460595778
2.4266100950824144e8	1.0000344057985777
2.4547089156850335e8	1.000035220707443
2.4831331052955678e8	1.000036093557985
2.511886431509582e8	1.0000370272379147
2.5409727055493012e8	1.0000380247557195
2.5703957827688646e8	1.0000390892458033
2.6001595631652668e8	1.0000402239739004
2.6302679918953815e8	1.0000414323427838
2.660725059798814e8	1.0000427178982894
2.691534803926914e8	1.0000440843356646
2.7227013080779153e8	1.000045535506271
2.7542287033381635e8	1.0000470754246515
2.786121168629772e8	1.0000487082759935
2.8183829312644494e8	1.0000504384239992
2.8510182675039095e8	1.000052270419194
2.884031503126612e8	1.000054209007695
2.9174270140011656e8	1.0000562591404607
2.9512092266663903e8	1.0000584259830574
2.985382618917957e8	1.0000607149259617
3.019951720402019e8	1.000063131595433
3.054921113215509e8	1.0000656818649871
3.090295432513592e8	1.000068371867504
3.126079367123962e8	1.0000712080080034
3.1622776601683795e8	1.000074196977128
3.1988951096914035e8	1.0000773457653722
3.235936569296281e8	1.0000806616781008
3.273406948788386e8	1.0000841523514026
3.311311214825908e8	1.0000878257688277
3.349654391578279e8	1.0000916902790626
3.3884415613920206e8	1.0000957546146005
3.427677865464505e8	1.0001000279114673
3.46736850452531e8	1.00010451973007
3.5075187395256793e8	1.0001092400772453
3.5481338923357606e8	1.0001141994295808
3.58921934645005e8	1.0001194087581005
3.630780547701018e8	1.0001248795544062
3.6728230049808425e8	1.0001306238583785
3.715352290971728e8	1.0001366542875516
3.7583740428844357e8	1.0001429840682825
3.8018939632056123e8	1.0001496270688481
3.845917820453543e8	1.0001565978346252
3.8904514499428046e8	1.0001639116255059
3.9355007545577806e8	1.0001715844557282
3.981071705534969e8	1.0001796331363197
4.027170343254595e8	1.0001880753203607
4.073802778041122e8	1.0001969295512996
4.120975190973304e8	1.0002062153145763
4.168693834703364e8	1.0002159530928292
4.2169650342858225e8	1.0002261644249877
4.265795188015934e8	1.0002368719695809
4.31519076827765e8	1.0002480995726222
4.3651583224016654e8	1.0002598723404634
4.415704473533121e8	1.000272216718042
4.466835921509635e8	1.0002851605729886
4.518559443749217e8	1.0002987332860973
4.570881896148752e8	1.000312965848707
4.623810213992594e8	1.0003278909675846
4.677351412871981e8	1.0003435431779546
4.731512589614813e8	1.000359958965368
4.7863009232263803e8	1.0003771768971623
4.841723675840999e8	1.000395237764321
4.8977881936844563e8	1.0004141847346057
4.9545019080479056e8	1.0004340635179014
5.011872336272715e8	1.0004549225447876
5.0699070827470446e8	1.0004768131594182
5.1286138399136585e8	1.0004997898278793
5.188000389289609e8	1.000523910363272
5.248074602497734e8	1.0005492361688624
5.308844442309879e8	1.000575832500727
5.370317963702532e8	1.000603768751427
5.432503314924325e8	1.0006331187563422
5.495408738576248e8	1.0006639611244101
5.559042572704048e8	1.0006963795951231
5.623413251903491e8	1.0007304634237617
5.688529308438425e8	1.000766307796963
5.754399373371567e8	1.000804014280859
5.821032177708721e8	1.0008436913041496
5.888436553555884e8	1.0008854546786268
5.956621435290109e8	1.0009294281598078
6.025595860743569e8	1.0009757440504994
6.095368972401694e8	1.0010245438502716
6.16595001861481e8	1.001075978953992
6.237348354824191e8	1.0011302114027494
6.309573444801943e8	1.0011874146906805
6.382634861905483e8	1.0012477746314017
6.456542290346563e8	1.0013114902879525
6.531305526474717e8	1.0013787749703658
6.606934480075965e8	1.001449857305186
6.683439175686135e8	1.001524982381498
6.760829753919818e8	1.0016044129782544
6.839116472814307e8	1.0016884308779253
6.918309709189363e8	1.0017773382717583
6.998419960022745e8	1.0018714592622078
7.079457843841373e8	1.0019711414683286
7.161434102129027e8	1.0020767577402594
7.244359600749891e8	1.0021887079891847
7.328245331389045e8	1.0023074211394765
7.413102413009192e8	1.0024333572100208
7.498942093324559e8	1.0025670095321593
7.585775750291852e8	1.002708907111899
7.673614893618186e8	1.002859617144056
7.762471166286927e8	1.0030197476878062
7.852356346100711e8	1.0031899505111637
7.943282347242821e8	1.0033709241148059
8.03526122185616e8	1.0035634169420276
8.128305161640995e8	1.003768230789144
8.222426499470695e8	1.0039862244333084
8.317637711026709e8	1.0042183174518107
8.413951416451964e8	1.0044654943126183
8.511380382023759e8	1.004728808674345
8.609937521846017e8	1.0050093879621862
8.709635899560796e8	1.0053084381964457
8.810488730080147e8	1.005627249128427
8.912509381337441e8	1.0059671996390602
9.01571137605957e8	1.0063297634754615
9.120108393559115e8	1.0067165153023505
9.225714271547629e8	1.0071291370992372
9.332543007969924e8	1.007569424911884
9.440608762859226e8	1.0080392959791926
9.549925860214369e8	1.0085407962989028
9.660508789898121e8	1.009076108493074
9.772372209558111e8	1.0096475602529729
9.88553094656941e8	1.0102576331301694
1.e9	1.0109089718529252
1.0115794542598962e9	1.0116043941163868
1.0232929922807536e9	1.0123469009125394
1.0351421666793451e9	1.013139687401027
1.0471285480508986e9	1.0139861543365591
1.0592537251772897e9	1.0148899201055772
1.0715193052376093e9	1.0158548333961972
1.083926914021204e9	1.0168849864955891
1.0964781961431828e9	1.0179847292929778
1.1091748152624009e9	1.0191586839878577
1.1220184543019652e9	1.0204117605414023
1.1350108156723144e9	1.021749172916477
1.148153621496884e9	1.0231764561224137
1.1614486138403413e9	1.024699484123852
1.1748975549395304e9	1.0263244886362899
1.1885022274370165e9	1.0280580788283804
1.202264434617413e9	1.0299072620689085
1.2161860006463704e9	1.0318794656719044
1.230268770812381e9	1.0339825593483092
1.2445146117713869e9	1.0362248797226175
1.258925411794166e9	1.0386152547804302
1.2735030810166628e9	1.0411630304432036
1.2882495516931322e9	1.0438780980078013
1.3031667784523e9	1.0467709230231885
1.31825673855641e9	1.0498525755172314
1.333521432163324e9	1.0531347616967945
1.3489628825916505e9	1.056629857140748
1.364583136588924e9	1.0603509415696493
1.3803842646028867e9	1.0643118353610994
1.3963683610559363e9	1.0685271376421748
1.4125375446227555e9	1.0730122664011752
1.4288939585111065e9	1.0777835001511067
1.445439770745928e9	1.0828580219992217
1.4621771744567153e9	1.0882539657043109
1.4791083881682072e9	1.093990463615045
1.496235656094436e9	1.1000876969460562
1.513561248436207e9	1.106566949062108
1.5310874616820319e9	1.1134506603962406
1.5488166189124796e9	1.1207624865633257
1.5667510701081502e9	1.128527359011377
1.5848931924611108e9	1.1367715486260235
1.6032453906900418e9	1.145522732397389
1.6218100973589332e9	1.1548100630520566
1.6405897731995387e9	1.1646642423968718
1.6595869074375632e9	1.1751175978069233
1.6788040181225588e9	1.1862041605602314
1.698243652461746e9	1.1979597570877971
1.7179083871575859e9	1.2104220973010063
1.7378008287493763e9	1.2236308294977765
1.7579236139586966e9	1.2376277161909692
1.7782794100389228e9	1.2524566585337142
1.7988709151287837e9	1.2681638431234556
1.8197008586099825e9	1.2847978431081737
1.8407720014689581e9	1.302409736843833
1.8620871366628656e9	1.3210532306173834
1.8836490894898021e9	1.340784787087504
1.905460717963252e9	1.361663762722875
1.9275249131909366e9	1.383752550350393
1.9498445997580414e9	1.4071167157623838
1.9724227361148534e9	1.4318251799448471
1.9952623149688828e9	1.4579503566411114
2.0183663636815596e9	1.4855683400169253
2.0417379446695316e9	1.5147590852536141
2.065380155810527e9	1.5456065885642583
2.0892961308540409e9	1.5781990969499755
2.1134890398366432e9	1.6126293149358233
2.1379620895022326e9	1.6489946229974126
2.1627185237270246e9	1.6873973101553705
2.187761623949552e9	1.727944816426177
2.213094709605641e9	1.770749989348112
2.238721138568338e9	1.8159313536290471
2.264644307593062e9	1.8636133808099218
2.29086765276777e9	1.913926816505727
2.3173946499684796e9	1.9670089472442147
2.3442288153199277e9	2.0230039702026845
2.3713737056616554e9	2.082063301376414
2.398832919019485e9	2.1443457217438713
2.426610095082414e9	2.2100186689119456
2.454708915685034e9	2.2792574287017806
2.483133105295568e9	2.352246253082052
2.511886431509582e9	2.4291778978796223
2.5409727055493116e9	2.510256101690002
2.5703957827688646e9	2.5956941717955364
2.600159563165267e9	2.685716196885429
2.6302679918953815e9	2.7805573641985704
2.660725059798814e9	2.8804641707155874
2.6915348039269137e9	2.9856968329074896
2.7227013080779157e9	3.096527878280426
2.7542287033381634e9	3.213243658182741
2.786121168629772e9	3.336144646072057
2.818382931264449e9	3.465546165496493
2.8510182675039096e9	3.6017805716542464
2.8840315031266117e9	3.7451964013648626
2.917427014001166e9	3.8961596096613134
2.95120922666639e9	4.055054949671455
2.9853826189179573e9	4.222285605713305
3.019951720402019e9	4.398276096464555
3.0549211132155094e9	4.583473111437536
3.0902954325135922e9	4.778344460604336
3.126079367123962e9	4.9833827213350625
3.1622776601683793e9	5.1991050012595785
3.1988951096913905e9	5.4260537498452726
3.235936569296281e9	5.664800527568737
3.2734069487883863e9	5.9159458525571935
3.3113112148259077e9	6.180119963942469
3.3496543915782795e9	6.45798578614248
3.3884415613920345e9	6.750239915045728
3.4276778654645047e9	7.057613454331378
3.4673685045253096e9	7.380875974318225
3.5075187395256796e9	7.720836996253251
3.5481338923357606e9	8.078346565166859
3.58921934645005e9	8.454298192041287
3.6307805477010174e9	8.849631827862524
3.6728230049808426e9	9.265334916855526
3.715352290971728e9	9.702444825487492
3.7583740428844357e9	10.16205427792115
3.8018939632056127e9	10.645311883913013
3.845917820453543e9	11.153424641560802
3.890451449942805e9	11.68766187839987
3.9355007545577803e9	12.249359100926192
3.9810717055349693e9	12.839920111467265
4.027170343254595e9	13.46082030590114
4.073802778041122e9	14.113613014982711
4.1209751909733043e9	14.799932829844742
4.1686938347033634e9	15.521497932753883
4.2169650342858224e9	16.2801153307693
4.265795188015917e9	17.07768680989427
4.31519076827765e9	17.91621295010601
4.365158322401666e9	18.79779789672888
4.415704473533121e9	19.724653312879354
4.466835921509635e9	20.69911111798801
4.518559443749235e9	21.723628985346277
4.570881896148752e9	22.800771239930487
4.623810213992594e9	23.933265948011197
4.677351412871982e9	25.12396426515177
4.731512589614813e9	26.37587397722873
4.78630092322638e9	27.692159155308335
4.841723675840999e9	29.07614899334996
4.897788193684457e9	30.531347832952047
4.954501908047905e9	32.0614467245254
5.011872336272715e9	33.670330493207885
5.069907082747045e9	35.36208819011197
5.128613839913659e9	37.14102413231604
5.18800038928961e9	39.01167018474755
5.248074602497734e9	40.978798713753996
5.308844442309879e9	43.047434015656236
5.370317963702533e9	45.22286608481993
5.432503314924325e9	47.51066430830814
5.495408738576248e9	49.91669447971744
5.559042572704048e9	52.44713592159537
5.623413251903491e9	55.108495430017534
5.688529308438401e9	57.907625597260385
5.754399373371567e9	60.851743489586674
5.821032177708722e9	63.94845053902349
5.888436553555884e9	67.20575517698583
5.95662143529011e9	70.63209273861229
6.025595860743593e9	74.2363492876364
6.095368972401693e9	78.02788553179496
6.16595001861481e9	82.01656212979341
6.237348354824191e9	86.21276980475845
6.309573444801943e9	90.62745807031263
6.382634861905482e9	95.27216313102504
6.456542290346562e9	100.15904057077196
6.531305526474716e9	105.30089919412417
6.606934480075964e9	110.71123629954702
6.683439175686135e9	116.40427698282856
6.760829753919819e9	122.39501375566766
6.839116472814306e9	128.69924734587897
6.918309709189363e9	135.33363122329382
6.998419960022745e9	142.3157181791856
7.079457843841373e9	149.66400968919325
7.161434102129027e9	157.39800756673054
7.244359600749891e9	165.53827382417836
7.328245331389045e9	174.10648435365246
7.413102413009192e9	183.12549010762453
7.498942093324558e9	192.61938201676958
7.585775750291821e9	202.6135606192982
7.673614893618186e9	213.13480718333764
7.762471166286927e9	224.21135877232453
7.85235634610071e9	235.87299378542164
7.943282347242822e9	248.1511117159107
8.035261221856194e9	261.0788251711888
8.128305161640995e9	274.6910538769154
8.2224264994706955e9	289.0246243327651
8.317637711026709e9	304.11837615345235
8.413951416451964e9	320.013272035481
8.511380382023759e9	336.7525197612112
8.609937521846016e9	354.3816958868015
8.709635899560797e9	372.9488748511742
8.810488730080147e9	392.50476860820476
8.91250938133744e9	413.1028726980419
9.01571137605957e9	434.7996193918996
9.120108393559114e9	457.6545494119442
9.225714271547628e9	481.7304727548391
9.332543007969925e9	507.09366070851246
9.440608762859226e9	533.8140409780525
9.549925860214369e9	561.9653862783106
9.66050878989812e9	591.6255480754563
9.772372209558111e9	622.8766694429191
9.88553094656941e9	655.8054380283755
1.e10	690.5033276429947
1.0115794542598963e10	727.0668739180769
1.0232929922807537e10	765.5979546574995
1.0351421666793451e10	806.204090061724
1.0471285480508986e10	848.9987642843047
1.0592537251772898e10	894.1017542510067
1.0715193052376093e10	941.6394829675081
1.0839269140212038e10	991.7453935472448
1.096478196143183e10	1044.5603435489109
1.1091748152624008e10	1100.2330012605087
1.1220184543019653e10	1158.920356193394
1.1350108156723143e10	1220.7882070590833
1.1481536214968842e10	1286.011198026393
1.1614486138403414e10	1354.7742633347407
1.1748975549395304e10	1427.2722809924553
1.1885022274370165e10	1503.7111162421604
1.2022644346174131e10	1584.3081169378502
1.2161860006463703e10	1669.2927771938434
1.2302687708123812e10	1758.9074051578234
1.244514611771387e10	1853.4078733320098
1.2589254117941662e10	1953.0643670933864
1.273503081016663e10	2058.162197792344
1.2882495516931322e10	2169.0026649137358
1.3031667784523e10	2285.90395116744
1.31825673855641e10	2409.202083556367
1.333521432163324e10	2539.25194532868
1.3489628825916506e10	2676.4283490706025
1.3645831365889238e10	2821.1271585358277
1.3803842646028866e10	2973.7664803933835
1.3963683610559362e10	3134.787945129124
1.4125375446227554e10	3304.65801871478
1.4288939585111067e10	3483.8694242909946
1.445439770745928e10	3672.94263731284
1.4621771744567154e10	3872.4274587177756
1.4791083881682072e10	4082.9046838232325
1.4962356560944359e10	4304.987866074997
1.5135612484362072e10	4539.325181478422
1.5310874616820318e10	4786.601399584759
1.5488166189124796e10	5047.539968321923
1.5667510701081501e10	5322.90522132359
1.5848931924611109e10	5613.504720007794
1.6032453906900417e10	5920.191685558194
1.621810097358933e10	6243.867558517373
1.6405897731995388e10	6585.485001314337
1.6595869074375631e10	6946.050450223564
1.678804018122559e10	7326.627481144092
1.698243652461746e10	7728.340018001423
1.717908387157586e10	8152.375414727854
1.7378008287493763e10	8599.988857499353
1.7579236139586967e10	9072.506498810737
1.778279410038923e10	9571.329870081581
1.7988709151287838e10	10097.940134414359
1.8197008586099827e10	10653.902691271162
1.8407720014689583e10	11240.87188605616
1.8620871366628654e10	11860.59614618551
1.883649089489802e10	12514.923691880429
1.9054607179632523e10	13205.807558545346
1.9275249131909367e10	13935.312313761995
1.9498445997580414e10	14705.620066474346
1.9724227361148533e10	15519.037317150725
1.9952623149688828e10	16378.002154925616
2.0183663636815598e10	17285.091699458804
2.0417379446695316e10	18243.03029738568
2.065380155810527e10	19254.697424399605
2.089296130854041e10	20323.137581978095
2.1134890398366432e10	21451.568849472544
2.1379620895022324e10	22643.393357803245
2.1627185237270245e10	23902.20776301699
2.1877616239495518e10	25231.814466824057
2.2130947096056408e10	26636.233375208678
2.2387211385683376e10	28119.714540603818
2.264644307593062e10	29686.75149023255
2.29086765276777e10	31342.09493159379
2.3173946499684795e10	33090.76794319903
2.3442288153199276e10	34938.08148798239
2.3713737056616554e10	36889.65106725521
2.398832919019485e10	38951.41429353591
2.4266100950824142e10	41129.64946009842
2.4547089156850334e10	43430.99519679742
2.4831331052955677e10	45862.47138062998
2.511886431509582e10	48431.50100400293
2.540972705549312e10	51145.933565779924
2.570395782768865e10	54014.069690199656
2.6001595631652668e10	57044.68719933298
2.6302679918953815e10	60247.06871422326
2.660725059798814e10	63631.030858089216
2.691534803926914e10	67206.9551117378
2.7227013080779156e10	70985.82053984082
2.7542287033381634e10	74979.23835210886
2.786121168629772e10	79199.48850305432
2.8183829312644493e10	83659.55843142774
2.8510182675039097e10	88373.18399947224
2.8840315031266117e10	93354.89292623296
2.9174270140011658e10	98620.05055738424
2.9512092266663902e10	104184.90851954267
2.9853826189179573e10	110066.65606618991
3.019951720402019e10	116283.47440544961
3.054921113215509e10	122854.59429442979
3.090295432513592e10	129800.35687993723
3.126079367123962e10	137142.2781641627
3.1622776601683792e10	144903.11719859904
3.1988951096913906e10	153106.94811459703
3.235936569296281e10	161779.2366816305
3.273406948788386e10	170946.92118270806
3.3113112148259075e10	180638.49730811594
3.3496543915782795e10	190884.10958030488
3.388441561392034e10	201715.64650205433
3.4276778654645046e10	213166.84201120454
3.46736850452531e10	225273.38340199963
3.50751873952568e10	238073.02362842715
3.5481338923357605e10	251605.70270017657
3.5892193464500496e10	265913.67419541365
3.630780547701018e10	281041.64005083486
3.6728230049808426e10	297036.89304423763
3.715352290971728e10	313949.46767458395
3.758374042884435e10	331832.2993699516
3.801893963205613e10	350741.3937848232
3.845917820453543e10	370736.005634409
3.890451449942805e10	391878.82754213543
3.9355007545577805e10	414236.1905978807
3.981071705534969e10	437878.2762184348
4.027170343254595e10	462879.3406844007
4.073802778041122e10	489317.95238463307
4.120975190973304e10	517277.2434009187
4.168693834703364e10	546845.1756678885
4.216965034285822e10	578114.8220402536
4.2657951880159164e10	611184.6651150398
4.3151907682776505e10	646158.9123725774
4.3651583224016655e10	683147.8302544547
4.415704473533121e10	722268.0977494286
4.466835921509635e10	763643.1805618787
4.5185594437492355e10	807403.7272846426
4.570881896148752e10	853687.9887303186
4.623810213992594e10	902642.2617670347
4.677351412871981e10	954421.3592073807
4.7315125896148125e10	1.0091891071481648e6
4.78630092322638e10	1.0671188714877693e6
4.841723675840999e10	1.128394115239471e6
4.897788193684457e10	1.1932089885067039e6
4.954501908047906e10	1.2617689529587217e6
5.011872336272715e10	1.3342914431886442e6
5.069907082747044e10	1.4110065665790956e6
5.128613839913659e10	1.4921578429384248e6
5.1880003892896095e10	1.578002992773701e6
5.248074602497734e10	1.66881476038229e6
5.308844442309879e10	1.764881792580908e6
5.370317963702533e10	1.8665095990691967e6
5.432503314924325e10	1.9740214761016832e6
5.495408738576248e10	2.0877596090223587e6
5.559042572704048e10	2.208086145105858e6
5.6234132519034904e10	2.3353843699898887e6
5.688529308438402e10	2.4700599453635626e6
5.754399373371567e10	2.612542217443769e6
5.821032177708722e10	2.763285604001896e6
5.888436553555884e10	2.922771060975928e6
5.956621435290109e10	3.091507642458564e6
6.0255958607435936e10	3.2700341379260025e6
6.095368972401694e10	3.4589208196196277e6
6.1659500186148094e10	3.658771284766018e6
6.237348354824191e10	3.8702244089917387e6
6.3095734448019424e10	4.093956414412859e6
6.3826348619054825e10	4.33068305211185e6
6.456542290346562e10	4.581161928080072e6
6.531305526474716e10	4.846194952666425e6
6.606934480075964e10	5.126630930865436e6
6.683439175686135e10	5.423368323621827e6
6.760829753919819e10	5.737358151114329e6
6.839116472814307e10	6.069607076916016e6
6.918309709189363e10	6.421180672687847e6
6.998419960022745e10	6.793206870743398e6
7.079457843841373e10	7.186879623706742e6
7.161434102129027e10	7.603462776906139e6
7.244359600749892e10	8.044294169678388e6
7.328245331389044e10	8.510789974678231e6
7.413102413009192e10	9.004449297670485e6
7.498942093324559e10	9.52685904253775e6
7.58577575029182e10	1.0079699064906918e7
7.673614893618185e10	1.0664747628198352e7
7.762471166286928e10	1.1283887180462077e7
7.85235634610071e10	1.193911047097711e7
7.943282347242822e10	1.2632527026114963e7
8.035261221856194e10	1.336637001459996e7
8.128305161640996e10	1.4143003481248481e7
8.222426499470695e10	1.4964930025938924e7
8.317637711026709e10	1.5834799115143763e7
8.413951416451965e10	1.6755415350369746e7
8.51138038202376e10	1.7729747933820397e7
8.609937521846016e10	1.876094015530644e7
8.709635899560797e10	1.9852319666785654e7
8.810488730080147e10	2.1007409312202707e7
8.91250938133744e10	2.2229938597184144e7
9.01571137605957e10	2.35238558030086e7
9.120108393559116e10	2.48933409209209e7
9.225714271547629e10	2.6342819421533216e7
9.332543007969925e10	2.787697599909115e7
9.440608762859225e10	2.9500770528780937e7
9.549925860214369e10	3.1219454366870344e7
9.660508789898122e10	3.3038586695620067e7
9.772372209558112e10	3.4964053230149075e7
9.88553094656941e10	3.700208527025984e7
1.e11	3.915927998386513e7
1.0115794542598962e11	4.1442621964562654e7
1.0232929922807536e11	4.38595060071154e7
1.0351421666793452e11	4.641776123764639e7
1.0471285480508984e11	4.912567666372315e7
1.0592537251772897e11	5.19920282293401e7
1.0715193052376093e11	5.502610746349499e7
1.0839269140212039e11	5.823775181635255e7
1.0964781961431828e11	6.1637376782475606e7
1.1091748152624008e11	6.523600991651032e7
1.1220184543019653e11	6.904532685304959e7
1.1350108156723143e11	7.307768944820175e7
1.148153621496884e11	7.734618616846879e7
1.1614486138403462e11	8.18646748627164e7
1.1748975549395303e11	8.664782804757981e7
1.1885022274370164e11	9.171118086896613e7
1.2022644346174132e11	9.70711818866841e7
1.2161860006463704e11	1.0274524685052569e8
1.2302687708123811e11	1.0875181564883038e8
1.2445146117713818e11	1.1511041260427359e8
1.2589254117941661e11	1.218417103613785e8
1.2735030810166629e11	1.2896759746966237e8
1.2882495516931323e11	1.365112500226895e8
1.3031667784523e11	1.4449720747192642e8
1.31825673855641e11	1.5295145291845775e8
1.333521432163324e11	1.6190149821647048e8
1.3489628825916505e11	1.7137647391427886e8
1.3645831365889238e11	1.8140722470111552e8
1.3803842646028867e11	1.92026410366802e8
1.3963683610559363e11	2.032686126940871e8
1.4125375446227554e11	2.1517044877308044e8
1.4288939585111066e11	2.2777069087516466e8
1.445439770745928e11	2.4111039346126297e8
1.4621771744567154e11	2.552330276642705e8
1.479108388168207e11	2.701846237042704e8
1.4962356560944357e11	2.860139217049517e8
1.5135612484362073e11	3.027725314033777e8
1.531087461682032e11	3.205151012796863e8
1.548816618912486e11	3.392994976802308e8
1.56675107010815e11	3.591869944765612e8
1.5848931924611108e11	3.802424739330247e8
1.6032453906900418e11	4.0253463943252677e8
1.621810097358933e11	4.261362407325451e8
1.640589773199539e11	4.511243124217852e8
1.659586907437556e11	4.775804267877247e8
1.678804018122559e11	5.0559096173166054e8
1.698243652461746e11	5.352473822153941e8
1.7179083871575858e11	5.666465428958209e8
1.7378008287493762e11	5.998910041961672e8
1.7579236139586966e11	6.350893693091937e8
1.7782794100389227e11	6.723566405050596e8
1.7988709151287836e11	7.118145965210863e8
1.8197008586099826e11	7.535921924181343e8
1.840772001468958e11	7.978259823757088e8
1.8620871366628656e11	8.446605672195817e8
1.883649089489802e11	8.942490727108135e8
1.9054607179632523e11	9.46753647239596e8
1.9275249131909366e11	1.0023459974706043e9
1.9498445997580414e11	1.0612079511767358e9
1.9724227361148535e11	1.1235320544180834e9
1.9952623149688828e11	1.1895222038680594e9
2.0183663636815598e11	1.2593943165508099e9
2.0417379446695316e11	1.3333770389526e9
2.0653801558105356e11	1.4117124981580186e9
2.0892961308540408e11	1.4946570972496874e9
2.1134890398366434e11	1.5824823576939647e9
2.1379620895022324e11	1.675475811459105e9
2.1627185237270245e11	1.7739419458104913e9
2.1877616239495517e11	1.8782032038925169e9
2.213094709605632e11	1.9886010443937414e9
2.238721138568347e11	2.1054970637843103e9
2.2646443075930618e11	2.2292741848243504e9
2.29086765276777e11	2.3603379152568545e9
2.3173946499684796e11	2.4991176808326006e9
2.3442288153199274e11	2.646068237057894e9
2.3713737056616553e11	2.801671164317343e9
2.398832919019485e11	2.9664364512968593e9
2.4266100950824142e11	3.1409041719251857e9
2.4547089156850336e11	3.325646261357317e9
2.483133105295568e11	3.5212683968562737e9
2.5118864315095822e11	3.728411989766059e9
2.5409727055493115e11	3.947756295145156e9
2.5703957827688647e11	4.1800206460089536e9
2.6001595631652667e11	4.425966819548791e9
2.6302679918953815e11	4.686401543123249e9
2.660725059798814e11	4.962179148280465e9
2.691534803926914e11	5.2542043815769005e9
2.7227013080779156e11	5.563435381404863e9
2.7542287033381744e11	5.890886830662265e9
2.7861211686297723e11	6.23763329589211e9
2.8183829312644495e11	6.604812763277054e9
2.85101826750391e11	6.993630383919018e9
2.8840315031266113e11	7.405362440202009e9
2.917427014001166e11	7.841360546542628e9
2.951209226666378e11	8.303056098330312e9
2.9853826189179694e11	8.791964983721327e9
3.019951720402019e11	9.309692573851023e9
3.054921113215509e11	9.85793900791055e9
3.090295432513592e11	1.0438504790358107e10
3.1260793671239624e11	1.105329671916064e10
3.1622776601683795e11	1.1704334164045935e10
3.1988951096913904e11	1.2393755715885529e10
3.235936569296281e11	1.3123826228977362e10
3.273406948788386e11	1.389694427947304e10
3.3113112148259076e11	1.4715650064557358e10
3.3496543915782794e11	1.5582633768431585e10
3.388441561392034e11	1.650074442269539e10
3.4276778654645044e11	1.7472999290357437e10
3.4673685045253094e11	1.8502593804421726e10
3.5075187395256793e11	1.9592912093834152e10
3.5481338923357605e11	2.0747538131525257e10
3.58921934645005e11	2.197026754131803e10
3.6307805477010175e11	2.3265120102632515e10
3.6728230049808575e11	2.463635299428632e10
3.715352290971728e11	2.6088474821049957e10
3.7583740428844354e11	2.7626260469223614e10
3.801893963205613e11	2.925476684031238e10
3.845917820453543e11	3.097934951462689e10
3.8904514499428046e11	3.28056803998667e10
3.935500754557764e11	3.473976642288018e10
3.9810717055349854e11	3.67879693263094e10
4.027170343254595e11	3.895702663536019e10
4.073802778041122e11	4.1254073863952736e10
4.120975190973304e11	4.368666803465875e10
4.1686938347033636e11	4.626281258527868e10
4.216965034285823e11	4.8990983748084274e10
4.265795188015917e11	5.1880158507339386e10
4.31519076827765e11	5.493984416767855e10
4.3651583224016656e11	5.8180109713282776e10
4.415704473533121e11	6.161161899780268e10
4.466835921509635e11	6.524566590261203e10
4.518559443749235e11	6.909421157292682e10
4.570881896148752e11	7.316992385532906e10
4.623810213992594e11	7.748621906686456e10
4.677351412871981e11	8.205730623361548e10
4.7315125896148126e11	8.68982339446807e10
4.78630092322638e11	9.202493997627864e10
4.841723675840999e11	9.74543038499055e10
4.8977881936844763e11	1.0320420249782738e11
4.954501908047905e11	1.0929356921979526e11
5.011872336272715e11	1.157424561257683e11
5.0699070827470447e11	1.22572100270603e11
5.1286138399136584e11	1.2980499369839996e11
5.1880003892896094e11	1.3746495762988065e11
5.2480746024977124e11	1.4557722103491483e11
5.308844442309901e11	1.541685038516427e11
5.3703179637025323e11	1.6326710512620908e11
5.432503314924325e11	1.7290299636418417e11
5.495408738576248e11	1.83107920388471e11
5.559042572704049e11	1.939154960891465e11
5.623413251903491e11	2.053613293822713e11
5.688529308438401e11	2.1748313044039957e11
5.754399373371566e11	2.3032083842692462e11
5.821032177708722e11	2.4391675298217694e11
5.888436553555884e11	2.583156741332779e11
5.95662143529011e11	2.73565049718927e11
6.025595860743594e11	2.897151322000737e11
6.095368972401693e11	3.068191444010727e11
6.16595001861481e11	3.249334551400395e11
6.237348354824192e11	3.441177652373047e11
6.309573444801943e11	3.644353045253901e11
6.382634861905482e11	3.859530405074451e11
6.456542290346562e11	4.0874189935813416e11
6.531305526474742e11	4.328769999930181e11
6.606934480075964e11	4.5843790198175806e11
6.683439175686135e11	4.855088681210462e11
6.760829753919819e11	5.141791425396102e11
6.839116472814307e11	5.445432452489691e11
6.918309709189363e11	5.767012841135924e11
6.998419960022716e11	6.107592893465262e11
7.079457843841403e11	6.468295543572916e11
7.161434102129027e11	6.850309910212932e11
7.244359600749891e11	7.254895956155425e11
7.328245331389044e11	7.683387651448132e11
7.413102413009192e11	8.13719801255878e11
7.498942093324558e11	8.617823578532466e11
7.58577575029182e11	9.126849370075382e11
7.673614893618186e11	9.665954121885063e11
7.762471166286927e11	1.023691582566755e12
7.85235634610071e11	1.084161745895081e12
7.943282347242821e11	1.14820535239068e12
8.035261221856194e11	1.216033714936131e12
8.128305161640995e11	1.287870450770815e12
8.222426499470696e11	1.3639525722995881e12
8.317637711026709e11	1.4445310418671914e12
8.413951416451964e11	1.529871668587918e12
8.511380382023759e11	1.620255979141991e12
8.609937521846017e11	1.7159821473450728e12
8.709635899560833e11	1.81736597871255e12
8.810488730080146e11	1.924741953259752e12
8.91250938133744e11	2.038464329983232e12
9.01571137605957e11	2.1589083166722761e12
9.120108393559115e11	2.286471308935293e12
9.225714271547628e11	2.4215742024919946e12
9.332543007969886e11	2.564662783119712e12
9.440608762859265e11	2.7162091988030303e12
9.549925860214369e11	2.8767135189687065e12
9.660508789898121e11	3.046705385970906e12
9.772372209558112e11	3.226745764254886e12
9.885530946569412e11	3.4174287930038604e12
1.e12	3.619383770122398e12
