1.e7	1.0000201494735685
1.0115794542598983e7	1.0000201284435504
1.0232929922807537e7	1.0000201071790296
1.035142166679343e7	1.0000200856782226
1.0471285480508985e7	1.0000200639394061
1.0592537251772897e7	1.0000200419609209
1.0715193052376071e7	1.0000200197411806
1.0839269140212039e7	1.000019997278676
1.0964781961431852e7	1.0000199745719835
1.109174815262401e7	1.0000199516197703
1.122018454301963e7	1.0000199284208027
1.1350108156723144e7	1.000019904973953
1.1481536214968817e7	1.0000198812782075
1.1614486138403438e7	1.0000198573326735
1.1748975549395302e7	1.0000198331365886
1.188502227437019e7	1.0000198086893266
1.202264434617413e7	1.0000197839904081
1.2161860006463679e7	1.0000197590395077
1.230268770812381e7	1.0000197338364627
1.2445146117713844e7	1.0000197083812825
1.2589254117941663e7	1.0000196826741552
1.2735030810166629e7	1.0000196567154591
1.288249551693135e7	1.0000196305057691
1.3031667784523001e7	1.0000196040458675
1.3182567385564074e7	1.0000195773367502
1.333521432163324e7	1.0000195503796379
1.3489628825916532e7	1.0000195231759827
1.3645831365889238e7	1.0000194957274777
1.3803842646028839e7	1.0000194680360643
1.3963683610559363e7	1.0000194401039415
1.4125375446227554e7	1.000019411933571
1.4288939585111037e7	1.0000193835276883
1.445439770745928e7	1.0000193548893064
1.4621771744567184e7	1.0000193260217252
1.4791083881682072e7	1.0000192969285362
1.4962356560944328e7	1.000019267613629
1.5135612484362071e7	1.0000192380811972
1.5310874616820287e7	1.0000192083357429
1.5488166189124828e7	1.00001917838208
1.5667510701081501e7	1.0000191482253404
1.5848931924611142e7	1.0000191178709756
1.6032453906900417e7	1.0000190873247592
1.62181009735893e7	1.0000190565927887
1.6405897731995387e7	1.0000190256814878
1.6595869074375596e7	1.0000189945976043
1.678804018122559e7	1.0000189633482122
1.698243652461746e7	1.000018931940709
1.7179083871575896e7	1.000018900382813
1.737800828749376e7	1.0000188686825613
1.757923613958693e7	1.0000188368483056
1.7782794100389227e7	1.0000188048887069
1.7988709151287872e7	1.0000187728127294
1.8197008586099826e7	1.0000187406296344
1.8407720014689546e7	1.000018708348972
1.8620871366628658e7	1.0000186759805725
1.883649089489802e7	1.0000186435345362
1.905460717963248e7	1.0000186110212226
1.9275249131909367e7	1.0000185784512392
1.9498445997580454e7	1.0000185458354278
1.9724227361148532e7	1.0000185131848511
1.9952623149688788e7	1.0000184805107777
2.0183663636815596e7	1.0000184478246659
2.0417379446695276e7	1.0000184151381466
2.0653801558105312e7	1.0000183824630067
2.0892961308540408e7	1.0000183498111688
2.1134890398366477e7	1.0000183171946722
2.1379620895022325e7	1.0000182846256516
2.1627185237270202e7	1.0000182521163152
2.187761623949552e7	1.000018219678924
2.2130947096056364e7	1.0000181873257652
2.2387211385683376e7	1.0000181550691305
2.2646443075930618e7	1.0000181229212908
2.290867652767775e7	1.0000180908944678
2.3173946499684796e7	1.0000180590008103
2.3442288153199226e7	1.0000180272523658
2.3713737056616552e7	1.0000179956610507
2.3988329190194897e7	1.000017964238624
2.426610095082414e7	1.0000179329966559
2.4547089156850286e7	1.0000179019464985
2.483133105295568e7	1.0000178710992549
2.5118864315095823e7	1.0000178404657472
2.5409727055493064e7	1.0000178100564856
2.5703957827688646e7	1.0000177798816352
2.600159563165272e7	1.0000177499509832
2.6302679918953814e7	1.0000177202739051
2.6607250597988084e7	1.0000176908593317
2.6915348039269138e7	1.0000176617157124
2.7227013080779098e7	1.0000176328509833
2.754228703338169e7	1.0000176042725295
2.7861211686297722e7	1.0000175759871497
2.818382931264455e7	1.000017548001021
2.8510182675039098e7	1.0000175203196613
2.8840315031266056e7	1.000017492947892
2.917427014001166e7	1.0000174658898018
2.9512092266663842e7	1.0000174391487084
2.9853826189179573e7	1.0000174127271195
3.019951720402019e7	1.0000173866266957
3.0549211132155154e7	1.0000173608482104
3.090295432513592e7	1.0000173353915123
3.126079367123956e7	1.0000173102554832
3.162277660168379e7	1.0000172854380023
3.198895109691397e7	1.0000172609359026
3.235936569296281e7	1.0000172367449327
3.2734069487883795e7	1.000017212859716
3.3113112148259077e7	1.0000171892737106
3.3496543915782794e7	1.0000171659791688
3.388441561392027e7	1.0000171429670957
3.427677865464505e7	1.0000171202272103
3.4673685045253165e7	1.0000170977479044
3.5075187395256795e7	1.0000170755162028
3.548133892335753e7	1.000017053517723
3.58921934645005e7	1.0000170317366375
3.6307805477010176e7	1.0000170101556334
3.67282300498085e7	1.000016988755876
3.715352290971728e7	1.0000169675169701
3.758374042884443e7	1.000016946416925
3.8018939632056125e7	1.0000169254321198
3.845917820453535e7	1.0000169045372684
3.890451449942805e7	1.0000168837053884
3.935500754557773e7	1.0000168629077713
3.981071705534969e7	1.000016842113953
4.027170343254595e7	1.0000168212916882
4.07380277804113e7	1.0000168004069268
4.120975190973304e7	1.0000167794237917
4.168693834703355e7	1.0000167583045625
4.2169650342858225e7	1.0000167370096582
4.265795188015926e7	1.000016715497627
4.31519076827765e7	1.0000166937251382
4.365158322401656e7	1.0000166716469774
4.415704473533121e7	1.000016649216047
4.466835921509635e7	1.00001662638337
4.518559443749226e7	1.0000166030981015
4.570881896148752e7	1.0000165793075395
4.623810213992603e7	1.0000165549571465
4.6773514128719814e7	1.0000165299905734
4.7315125896148026e7	1.0000165043496896
4.78630092322638e7	1.0000164779746188
4.841723675840999e7	1.0000164508037817
4.897788193684466e7	1.0000164227739419
4.9545019080479056e7	1.0000163938202622
5.011872336272725e7	1.0000163638763628
5.0699070827470444e7	1.0000163328743892
5.128613839913648e7	1.0000163007450842
5.188000389289609e7	1.0000162674178665
5.248074602497723e7	1.0000162328209163
5.3088444423098795e7	1.0000161968812675
5.370317963702533e7	1.0000161595249029
5.432503314924336e7	1.0000161206768574
5.495408738576248e7	1.0000160802613292
5.559042572704037e7	1.0000160382017893
5.623413251903491e7	1.0000159944211038
5.688529308438413e7	1.000015948841654
5.754399373371567e7	1.000015901385467
5.82103217770871e7	1.0000158519743436
5.888436553555884e7	1.0000158005299957
5.956621435290109e7	1.0000157469741808
6.025595860743581e7	1.0000156912288432
6.0953689724016935e7	1.0000156332162529
6.165950018614822e7	1.0000155728591502
6.237348354824191e7	1.0000155100808852
6.3095734448019296e7	1.0000154448055603
6.3826348619054824e7	1.0000153769581726
6.456542290346563e7	1.0000153064647501
6.531305526474729e7	1.0000152332524916
6.606934480075964e7	1.0000151572498972
6.6834391756861486e7	1.0000150783868997
6.760829753919819e7	1.0000149965949903
6.839116472814293e7	1.0000149118073376
6.918309709189363e7	1.0000148239589022
6.998419960022731e7	1.0000147329865448
7.079457843841374e7	1.0000146388291282
7.161434102129027e7	1.000014541427609
7.244359600749905e7	1.0000144407251252
7.328245331389044e7	1.0000143366670724
7.413102413009177e7	1.0000142292011727
7.498942093324558e7	1.0000141182775355
7.585775750291836e7	1.0000140038487058
7.673614893618186e7	1.0000138858697083
7.762471166286911e7	1.000013764298078
7.85235634610071e7	1.0000136390938836
7.943282347242822e7	1.0000135102197405
8.035261221856177e7	1.0000133776408173
8.128305161640996e7	1.000013241324831
8.222426499470712e7	1.0000131012420364
8.317637711026709e7	1.0000129573652066
8.413951416451947e7	1.0000128096696086
8.511380382023759e7	1.0000126581329687
8.609937521846016e7	1.0000125027354392
8.709635899560814e7	1.000012343459554
8.810488730080147e7	1.0000121802901858
8.91250938133746e7	1.0000120132144985
9.015711376059571e7	1.000011842221901
9.120108393559097e7	1.0000116673039987
9.225714271547629e7	1.0000114884545488
9.332543007969905e7	1.0000113056694178
9.440608762859227e7	1.0000111189465448
9.549925860214369e7	1.00001092828591
9.66050878989814e7	1.0000107336895105
9.772372209558111e7	1.0000105351613473
9.88553094656939e7	1.0000103327074228
1.e8	1.0000101263357493
1.0115794542599003e8	1.0000099160563747
1.0232929922807537e8	1.0000097018814231
1.0351421666793452e8	1.0000094838251525
1.0471285480508985e8	1.0000092619040333
1.0592537251772897e8	1.000009036136846
1.0715193052376048e8	1.0000088065448047
1.0839269140212038e8	1.000008573151701
1.0964781961431828e8	1.000008335984076
1.109174815262401e8	1.000008095071419
1.1220184543019652e8	1.0000078504463932
1.1350108156723143e8	1.0000076021450937
1.1481536214968841e8	1.0000073502073323
1.1614486138403414e8	1.000007094676959
1.1748975549395303e8	1.0000068356022114
1.1885022274370165e8	1.0000065730361016
1.2022644346174131e8	1.000006307036835
1.2161860006463704e8	1.0000060376682665
1.230268770812381e8	1.000005765000389
1.2445146117713869e8	1.000005489109862
1.2589254117941661e8	1.0000052100805725
1.2735030810166629e8	1.0000049280042353
1.2882495516931322e8	1.00000464298103
1.3031667784523e8	1.0000043551202702
1.31825673855641e8	1.0000040645411161
1.333521432163324e8	1.0000037713733168
1.348962882591656e8	1.000003475757993
1.364583136588924e8	1.000003177848453
1.3803842646028867e8	1.0000028778110432
1.3963683610559362e8	1.0000025758260351
1.4125375446227553e8	1.0000022720885442
1.4288939585111007e8	1.0000019668094824
1.445439770745928e8	1.000001660216543
1.4621771744567153e8	1.0000013525552172
1.479108388168207e8	1.0000010440898413
1.4962356560944358e8	1.000000735104673
1.5135612484362072e8	1.0000004259049982
1.5310874616820318e8	1.000000116818266
1.5488166189124796e8	0.9999998081952489
1.5667510701081502e8	0.9999995004112339
1.584893192461111e8	0.9999991938672362
1.6032453906900418e8	0.9999988889912403
1.621810097358933e8	0.9999985862394667
1.640589773199539e8	0.9999982860976614
1.659586907437563e8	0.9999979890824124
1.678804018122559e8	0.9999976957424893
1.698243652461746e8	0.999997406660207
1.717908387157586e8	0.9999971224528159
1.7378008287493762e8	0.9999968437739157
1.7579236139586967e8	0.999996571314896
1.7782794100389227e8	0.9999963058064033
1.798870915128791e8	0.9999960480198365
1.8197008586099824e8	0.9999957987688709
1.8407720014689583e8	0.9999955589110143
1.8620871366628656e8	0.9999953293491954
1.883649089489802e8	0.999995111033388
1.9054607179632443e8	0.999994904962274
1.9275249131909367e8	0.9999947121849456
1.9498445997580415e8	0.9999945338026548
1.9724227361148533e8	0.9999943709706096
1.9952623149688828e8	0.9999942248998226
2.0183663636815596e8	0.9999940968590187
2.0417379446695316e8	0.9999939881766036
2.065380155810527e8	0.9999939002427005
2.089296130854041e8	0.9999938345112616
2.1134890398366433e8	0.9999937925022596
2.1379620895022324e8	0.9999937758039668
2.1627185237270245e8	0.9999937860753281
2.187761623949552e8	0.9999938250484404
2.213094709605641e8	0.9999938945311377
2.238721138568338e8	0.999993996409704
2.264644307593062e8	0.9999941326517097
2.29086765276777e8	0.9999943053089931
2.3173946499684796e8	0.9999945165207903
2.3442288153199276e8	0.9999947685170297
2.3713737056616554e8	0.999995063621798
2.3988329190194947e8	0.9999954042569953
2.4266100950824144e8	0.9999957929461886
2.4547089156850335e8	0.9999962323186778
2.4831331052955678e8	0.9999967251137919
2.511886431509582e8	0.999997274185424
2.5409727055493012e8	0.999997882506825
2.5703957827688646e8	0.9999985531756728
2.6001595631652668e8	0.9999992894194288
2.6302679918953815e8	1.0000000946010035
2.660725059798814e8	1.0000009722247478
2.691534803926914e8	1.0000019259427875
2.7227013080779153e8	1.0000029595617232
2.7542287033381635e8	1.000004077049711
2.786121168629772e8	1.000005282543953
2.8183829312644494e8	1.0000065803586091
2.8510182675039095e8	1.0000079749931632
2.884031503126612e8	1.0000094711412606
2.9174270140011656e8	1.0000110737000434
2.9512092266663903e8	1.0000127877800145
2.985382618917957e8	1.0000146187154482
3.019951720402019e8	1.0000165720753877
3.054921113215509e8	1.0000186536752511
3.090295432513592e8	1.0000208695890818
3.126079367123962e8	1.0000232261624793
3.1622776601683795e8	1.0000257300262452
3.1988951096914035e8	1.0000283881107792
3.235936569296281e8	1.0000312076612783
3.273406948788386e8	1.0000341962537695
3.311311214825908e8	1.0000373618120364
3.349654391578279e8	1.000040712625484
3.3884415613920206e8	1.0000442573680026
3.427677865464505e8	1.000048005117889
3.46736850452531e8	1.0000519653788909
3.5075187395256793e8	1.0000561481024486
3.5481338923357606e8	1.0000605637112128
3.58921934645005e8	1.0000652231239195
3.630780547701018e8	1.0000701377817218
3.6728230049808425e8	1.0000753196760743
3.715352290971728e8	1.0000807813782893
3.7583740428844357e8	1.0000865360708797
3.8018939632056123e8	1.0000925975808286
3.845917820453543e8	1.0000989804149298
3.8904514499428046e8	1.0001056997973616
3.9355007545577806e8	1.0001127717096663
3.981071705534969e8	1.000120212933338
4.027170343254595e8	1.0001280410952185
4.073802778041122e8	1.000136274715943
4.120975190973304e8	1.000144933261682
4.168693834703364e8	1.0001540371994593
4.2169650342858225e8	1.0001636080563496
4.265795188015934e8	1.000173668482884
4.31519076827765e8	1.000184242321021
4.3651583224016654e8	1.0001953546770839
4.415704473533121e8	1.0002070320000769
4.466835921509635e8	1.00021930216586
4.518559443749217e8	1.0002321945676746
4.570881896148752e8	1.0002457402135723
4.623810213992594e8	1.000259971831339
4.677351412871981e8	1.000274923981554
4.731512589614813e8	1.0002906331794834
4.7863009232263803e8	1.0003071380265485
4.841723675840999e8	1.0003244793521884
4.8977881936844563e8	1.0003427003669834
4.9545019080479056e8	1.0003618468279767
5.011872336272715e8	1.0003819672172094
5.0699070827470446e8	1.0004031129345516
5.1286138399136585e8	1.0004253385059907
5.188000389289609e8	1.0004487018086292
5.248074602497734e8	1.000473264313727
5.308844442309879e8	1.0004990913492176
5.370317963702532e8	1.0005262523832252
5.432503314924325e8	1.0005548213302136
5.495408738576248e8	1.0005848768815067
5.559042572704048e8	1.000616502862032
5.623413251903491e8	1.0006497886152579
5.688529308438425e8	1.0006848294184243
5.754399373371567e8	1.0007217269302882
5.821032177708721e8	1.0007605896737555
5.888436553555884e8	1.0008015335558964
5.956621435290109e8	1.0008446824280082
6.025595860743569e8	1.0008901686885319
6.095368972401694e8	1.0009381339317998
6.16595001861481e8	1.0009887296457547
6.237348354824191e8	1.001042117961963
6.309573444801943e8	1.0010984724614247
6.382634861905483e8	1.0011579790398757
6.456542290346563e8	1.0012208368364788
6.531305526474717e8	1.0012872592300064
6.606934480075965e8	1.0013574749068292
6.683439175686135e8	1.001431729005257
6.760829753919818e8	1.0015102843410129
6.839116472814307e8	1.0015934227188472
6.918309709189363e8	1.00168144633557
6.998419960022745e8	1.0017746792800446
7.079457843841373e8	1.0018734691359215
7.161434102129027e8	1.0019781886932257
7.244359600749891e8	1.0020892377751685
7.328245331389045e8	1.0022070451868645
7.413102413009192e8	1.0023320707929484
7.498942093324559e8	1.0024648077314928
7.585775750291852e8	1.0026057847718706
7.673614893618186e8	1.0027555688241971
7.762471166286927e8	1.0029147676098111
7.852356346100711e8	1.003084032500287
7.943282347242821e8	1.0032640615353745
8.03526122185616e8	1.0034556026266166
8.128305161640995e8	1.0036594569609498
8.222426499470695e8	1.003876482621253
8.317637711026709e8	1.0041075983977348
8.413951416451964e8	1.0043537878701592
8.511380382023759e8	1.0046161036987689
8.609937521846017e8	1.0048956721906264
8.709635899560796e8	1.0051936981178125
8.810488730080147e8	1.0055114698423853
8.912509381337441e8	1.0058503647031893
9.01571137605957e8	1.0062118547399146
9.120108393559115e8	1.0065975127311262
9.225714271547629e8	1.007009018577191
9.332543007969924e8	1.0074481660365178
9.440608762859226e8	1.0079168698362249
9.549925860214369e8	1.0084171732207414
9.660508789898121e8	1.0089512557986202
9.772372209558111e8	1.0095214419681622
9.88553094656941e8	1.0101302096875655
1.e9	1.0107801997692438
1.0115794542598962e9	1.0114742256464502
1.0232929922807536e9	1.012215283678252
1.0351421666793451e9	1.0130065639937789
1.0471285480508986e9	1.0138514618913304
1.0592537251772897e9	1.0147535898450297
1.0715193052376093e9	1.0157167901429094
1.083926914021204e9	1.0167451481503464
1.0964781961431828e9	1.0178430062771004
1.1091748152624009e9	1.0190149786472977
1.1220184543019652e9	1.020265966510225
1.1350108156723144e9	1.0216011744372453
1.148153621496884e9	1.0230261273207677
1.1614486138403413e9	1.0245466882344978
1.1748975549395304e9	1.0261690771773826
1.1885022274370165e9	1.0278998907210166
1.202264434617413e9	1.0297461226986455
1.2161860006463704e9	1.0317151858886453
1.230268770812381e9	1.0338149343992904
1.2445146117713869e9	1.03605368811839
1.258925411794166e9	1.0384402570845015
1.2735030810166628e9	1.0409839679845632
1.2882495516931322e9	1.0436946915098613
1.3031667784523e9	1.046582871144495
1.31825673855641e9	1.0496595532983906
1.333521432163324e9	1.0529364189079748
1.3489628825916505e9	1.0564258165235887
1.364583136588924e9	1.0601407969670833
1.3803842646028867e9	1.0640951497286286
1.3963683610559363e9	1.068303440932691
1.4125375446227555e9	1.0727810533164965
1.4288939585111065e9	1.077544227750634
1.445439770745928e9	1.0826101071588277
1.4621771744567153e9	1.0879967824159262
1.4791083881682072e9	1.0937233401159843
1.496235656094436e9	1.0998099126680263
1.513561248436207e9	1.1062777313916035
1.5310874616820319e9	1.1131491812310952
1.5488166189124796e9	1.1204478586555706
1.5667510701081502e9	1.1281986320825155
1.5848931924611108e9	1.136427705241232
1.6032453906900418e9	1.145162683584203
1.6218100973589332e9	1.1544326436471637
1.6405897731995387e9	1.1642682061062204
1.6595869074375632e9	1.1747016119602383
1.6788040181225588e9	1.185766800533611
1.698243652461746e9	1.1974995004138265
1.7179083871575859e9	1.2099373174158574
1.7378008287493763e9	1.2231197889398997
1.7579236139586966e9	1.2370885597319985
1.7782794100389228e9	1.2518874055413654
1.7988709151287837e9	1.2675623796383766
1.8197008586099825e9	1.2841619133865059
1.8407720014689581e9	1.3017369343882725
1.8620871366628656e9	1.3203409886580284
1.8836490894898021e9	1.3400303684776842
1.905460717963252e9	1.360864249226202
1.9275249131909366e9	1.3829048312745889
1.9498445997580414e9	1.4062174758422405
1.9724227361148534e9	1.4308708866015623
1.9952623149688828e9	1.456937246340098
2.0183663636815596e9	1.4844924038623295
2.0417379446695316e9	1.5136160536991943
2.065380155810527e9	1.544391915142918
2.0892961308540409e9	1.5769079410552047
2.1134890398366432e9	1.6112565235353853
2.1379620895022326e9	1.647534711219189
2.1627185237270246e9	1.6858444406900934
2.187761623949552e9	1.7262927776652228
2.213094709605641e9	1.7689921721863135
2.238721138568338e9	1.8140607268503175
2.264644307593062e9	1.8616224649040445
2.29086765276777e9	1.9118076560229875
2.3173946499684796e9	1.9647530812369396
2.3442288153199277e9	2.0206024010522365
2.3713737056616554e9	2.0795064615267322
2.398832919019485e9	2.141623722936712
2.426610095082414e9	2.207120229475342
2.454708915685034e9	2.2761714069434746
2.483133105295568e9	2.3489584758078683
2.511886431509582e9	2.4256788775268827
2.5409727055493116e9	2.506530291742724
2.5703957827688646e9	2.5917269889174337
2.600159563165267e9	2.681491898561483
2.6302679918953815e9	2.7760583066086486
2.660725059798814e9	2.875675091968174
2.6915348039269137e9	2.9805977113319853
2.7227013080779157e9	3.0910990531033034
2.7542287033381634e9	3.2074638286025787
2.786121168629772e9	3.3299888638265234
2.818382931264449e9	3.458995637768591
2.8510182675039096e9	3.5948075442236385
2.8840315031266117e9	3.737773666104538
2.917427014001166e9	3.8882590242623283
2.95120922666639e9	4.046645087596251
2.9853826189179573e9	4.213335153210397
3.019951720402019e9	4.3887511367789
3.0549211132155094e9	4.5733362345740876
3.0902954325135922e9	4.7675577572297065
3.126079367123962e9	4.971904660360525
3.1622776601683793e9	5.186890426966559
3.1988951096913905e9	5.413058886663157
3.235936569296281e9	5.650975434802146
3.2734069487883863e9	5.901237162673577
3.3113112148259077e9	6.164473028115897
3.3496543915782795e9	6.44134107027776
3.3884415613920345e9	6.732533487351559
3.4276778654645047e9	7.038779932482824
3.4673685045253096e9	7.360845064195439
3.5075187395256796e9	7.699532502555468
3.5481338923357606e9	8.055688128034827
3.58921934645005e9	8.430201807216081
3.6307805477010174e9	8.82400621169928
3.6728230049808426e9	9.23808142678993
3.715352290971728e9	9.673467085314334
3.7583740428844357e9	10.131241922123564
3.8018939632056127e9	10.61254891246977
3.845917820453543e9	11.118588492994958
3.890451449942805e9	11.650623520091171
3.9355007545577803e9	12.209979363496767
3.9810717055349693e9	12.7980505140556
4.027170343254595e9	13.41630727670053
4.073802778041122e9	14.066290947948778
4.1209751909733043e9	14.749624421891633
4.1686938347033634e9	15.468014313414448
4.2169650342858224e9	16.22325935222652
4.265795188015917e9	17.017245900980278
4.31519076827765e9	17.851961033456387
4.365158322401666e9	18.729493269053467
4.415704473533121e9	19.652045817318275
4.466835921509635e9	20.621929564503493
4.518559443749235e9	21.641584707722657
4.570881896148752e9	22.713557149010857
4.623810213992594e9	23.840557370611645
4.677351412871982e9	25.025415897158723
4.731512589614813e9	26.271116908578286
4.78630092322638e9	27.580800986857902
4.841723675840999e9	28.957769132497845
4.897788193684457e9	30.405514280455705
4.954501908047905e9	31.927684402749122
5.011872336272715e9	33.528137711872944
5.069907082747045e9	35.2109311751246
5.128613839913659e9	36.980336070863146
5.18800038928961e9	38.84085001819598
5.248074602497734e9	40.797203756866686
5.308844442309879e9	42.85438089311027
5.370317963702533e9	45.017626849729545
5.432503314924325e9	47.292467067901285
5.495408738576248e9	49.6847211769277
5.559042572704048e9	52.20050967657851
5.623413251903491e9	54.84628424792077
5.688529308438401e9	57.628837487500604
5.754399373371567e9	60.555321637951195
5.821032177708722e9	63.633277477956774
5.888436553555884e9	66.87063362413782
5.95662143529011e9	70.27574981174484
6.025595860743593e9	73.85742982702364
6.095368972401693e9	77.62494536496988
6.16595001861481e9	81.58806977693892
6.237348354824191e9	85.75709437373948
6.309573444801943e9	90.14285790996968
6.382634861905482e9	94.75678487759588
6.456542290346562e9	99.6109107459347
6.531305526474716e9	104.71791544089845
6.606934480075964e9	110.09116324064036
6.683439175686135e9	115.74473359278986
6.760829753919819e9	121.69346123629728
6.839116472814306e9	127.9529821687059
6.918309709189363e9	134.53977357971706
6.998419960022745e9	141.47119961686073
7.079457843841373e9	148.7655569174525
7.161434102129027e9	156.4421586634854
7.244359600749891e9	164.521314663615
7.328245331389045e9	173.02446377126162
7.413102413009192e9	181.97419878906342
7.498942093324558e9	191.3943348853576
7.585775750291821e9	201.3099780447215
7.673614893618186e9	211.74759437746147
7.762471166286927e9	222.7350981017251
7.85235634610071e9	234.30189911077125
7.943282347242822e9	246.47901902890246
8.035261221856194e9	259.2991649800127
8.128305161640995e9	272.7968238573894
8.2224264994706955e9	287.0083600283629
8.317637711026709e9	301.9721176458906
8.413951416451964e9	317.72854685807835
8.511380382023759e9	334.3202914220179
8.609937521846016e9	351.7923236402694
8.709635899560797e9	370.19208197015803
8.810488730080147e9	389.5695983753388
8.91250938133744e9	409.9776425441412
9.01571137605957e9	431.47187198400303
9.120108393559114e9	454.11099998021615
9.225714271547628e9	477.95695608514615
9.332543007969925e9	503.0750782569226
9.440608762859226e9	529.5342799241088
9.549925860214369e9	557.4072638133102
9.66050878989812e9	586.7707377411423
9.772372209558111e9	617.7056238023124
9.88553094656941e9	650.2973063451391
1.e10	684.6358676467753
1.0115794542598963e10	720.8163566566533
1.0232929922807537e10	758.9390616997224
1.0351421666793451e10	799.1098473568682
1.0471285480508986e10	841.4403541125699
1.0592537251772898e10	886.0484386370922
1.0715193052376093e10	933.0584663085297
1.0839269140212038e10	982.6016827081573
1.096478196143183e10	1034.8165988942224
1.1091748152624008e10	1089.8493773077084
1.1220184543019653e10	1147.8543323372664
1.1350108156723143e10	1208.9944066561357
1.1481536214968842e10	1273.4411801222611
1.1614486138403414e10	1341.37637132932
1.1748975549395304e10	1412.991342621561
1.1885022274370165e10	1488.488252020879
1.2022644346174131e10	1568.0804805492087
1.2161860006463703e10	1651.993285120204
1.2302687708123812e10	1740.4644479588142
1.244514611771387e10	1833.7450076000857
1.2589254117941662e10	1932.0999859777958
1.273503081016663e10	2035.8091788602694
1.2882495516931322e10	2145.1679935506413
1.3031667784523e10	2260.488315640297
1.31825673855641e10	2382.099456471819
1.333521432163324e10	2510.3491437803823
1.3489628825916506e10	2645.6044830815385
1.3645831365889238e10	2788.25314845299
1.3803842646028866e10	2938.7044906405663
1.3963683610559362e10	3097.3907846262855
1.4125375446227554e10	3264.768500146086
1.4288939585111067e10	3441.3196795372696
1.445439770745928e10	3627.5533857786545
1.4621771744567154e10	3824.007225111348
1.4791083881682072e10	4031.2489619408652
1.4962356560944359e10	4249.878224724378
1.5135612484362072e10	4480.52830799066
1.5310874616820318e10	4723.868061950738
1.5488166189124796e10	4980.604008852261
1.5667510701081501e10	5251.482256985685
1.5848931924611109e10	5537.290973066902
1.6032453906900417e10	5838.862635130723
1.621810097358933e10	6157.076511278224
1.6405897731995388e10	6492.861569014367
1.6595869074375631e10	6847.198914479909
1.678804018122559e10	7221.125050908849
1.698243652461746e10	7615.73496520528
1.717908387157586e10	8032.185072988328
1.7378008287493763e10	8471.697498253328
1.7579236139586967e10	8935.563044423692
1.778279410038923e10	9425.14545551091
1.7988709151287838e10	9941.885497818601
1.8197008586099827e10	10487.30538191128
1.8407720014689583e10	11063.013260842508
1.8620871366628654e10	11670.708328974148
1.883649089489802e10	12312.185913685591
1.9054607179632523e10	12989.342653871678
1.9275249131909367e10	13704.182798306381
1.9498445997580414e10	14458.823958326913
1.9724227361148533e10	15255.503671150398
1.9952623149688828e10	16096.586287897295
2.0183663636815598e10	16984.570080386573
2.0417379446695316e10	17922.095086904657
2.065380155810527e10	18911.95062013902
2.089296130854041e10	19957.084780274945
2.1134890398366432e10	21060.612548975256
2.1379620895022324e10	22225.825808463356
2.1627185237270245e10	23456.20331349069
2.1877616239495518e10	24755.421378702526
2.2130947096056408e10	26127.365063756562
2.2387211385683376e10	27576.140207025033
2.264644307593062e10	29106.08610104511
2.29086765276777e10	30721.78847999772
2.3173946499684795e10	32428.09405173854
2.3442288153199276e10	34230.125041648695
2.3713737056616554e10	36133.295115522575
2.398832919019485e10	38143.32601353774
2.4266100950824142e10	40266.26512450406
2.4547089156850334e10	42508.504092731586
2.4831331052955677e10	44876.79860738197
2.511886431509582e10	47378.28906302029
2.540972705549312e10	50020.52266554319
2.570395782768865e10	52811.47667188979
2.6001595631652668e10	55759.58298712143
2.6302679918953815e10	58873.75418699359
2.660725059798814e10	62163.41103166228
2.691534803926914e10	65638.51151146834
2.7227013080779156e10	69309.58163886098
2.7542287033381634e10	73187.74793711172
2.786121168629772e10	77284.77182283346
2.8183829312644493e10	81613.08597264593
2.8510182675039097e10	86185.83272099096
2.8840315031266117e10	91016.90477699193
2.9174270140011658e10	96120.98808019627
2.9512092266663902e10	101513.60734310924
2.9853826189179573e10	107211.17406105464
3.019951720402019e10	113231.0372663287
3.054921113215509e10	119591.5372707202
3.090295432513592e10	126312.06269647802
3.126079367123962e10	133413.10999243107
3.1622776601683792e10	140916.34739306587
3.1988951096913906e10	148844.68183902404
3.235936569296281e10	157222.33013570853
3.273406948788386e10	166074.8940914268
3.3113112148259075e10	175429.43923582017
3.3496543915782795e10	185314.5796942866
3.388441561392034e10	195760.5662613835
3.4276778654645046e10	206799.3803109988
3.46736850452531e10	218464.8336636299
3.50751873952568e10	230792.6721899278
3.5481338923357605e10	243820.68799632037
3.5892193464500496e10	257588.8359973984
3.630780547701018e10	272139.3581006565
3.6728230049808426e10	287516.9143281237
3.715352290971728e10	303768.72153704026
3.758374042884435e10	320944.699588966
3.801893963205613e10	339097.6267219958
3.845917820453543e10	358283.3034618178
3.890451449942805e10	378560.7254723207
3.9355007545577805e10	399992.2670173247
3.981071705534969e10	422643.87449806934
4.027170343254595e10	446585.2713861786
4.073802778041122e10	471890.1744595051
4.120975190973304e10	498636.52291562385
4.168693834703364e10	526906.7204663958
4.216965034285822e10	556787.8906066074
4.2657951880159164e10	588372.1478779322
4.3151907682776505e10	621756.8834467215
4.3651583224016655e10	657045.0675526961
4.415704473533121e10	694345.5692269378
4.466835921509635e10	733773.4941911614
4.5185594437492355e10	775450.5421996117
4.570881896148752e10	819505.3847758832
4.623810213992594e10	866074.0646762807
4.677351412871981e10	915300.4178937187
4.7315125896148125e10	967336.519945329
4.78630092322638e10	1.0223431579485786e6
4.841723675840999e10	1.0804903292826766e6
4.897788193684457e10	1.1419577689114544e6
4.954501908047906e10	1.2069355067552507e6
5.011872336272715e10	1.2756244572097063e6
5.069907082747044e10	1.3482370420712028e6
5.128613839913659e10	1.4249978477100367e6
5.1880003892896095e10	1.5061443253547791e6
5.248074602497734e10	1.591927519281913e6
5.308844442309879e10	1.6826128443511466e6
5.370317963702533e10	1.7784809398848799e6
5.432503314924325e10	1.879828473549319e6
5.495408738576248e10	1.9869691233455818e6
5.559042572704048e10	2.1002345154959806e6
5.6234132519034904e10	2.2199752588949013e6
5.688529308438402e10	2.34656203027013e6
5.754399373371567e10	2.4803867192006833e6
5.821032177708722e10	2.6218636402124837e6
5.888436553555884e10	2.7714308119359957e6
5.956621435290109e10	2.929551316848169e6
6.0255958607435936e10	3.096714723079757e6
6.095368972401694e10	3.2734386020587254e6
6.1659500186148094e10	3.4602701241689743e6
6.237348354824191e10	3.657787748328055e6
6.3095734448019424e10	3.86660300752821e6
6.3826348619054825e10	4.0873623882053806e6
6.456542290346562e10	4.320749332688306e6
6.531305526474716e10	4.567486341252306e6
6.606934480075964e10	4.828337190116257e6
6.683439175686135e10	5.104109295466718e6
6.760829753919819e10	5.395656189739424e6
6.839116472814307e10	5.703880149252247e6
6.918309709189363e10	6.029734969924372e6
6.998419960022745e10	6.37422889584556e6
7.079457843841373e10	6.738427718074991e6
7.161434102129027e10	7.123458046174299e6
7.244359600749892e10	7.530510766100126e6
7.328245331389044e10	7.960844690162844e6
7.413102413009192e10	8.415790418971386e6
7.498942093324559e10	8.896754415763693e6
7.58577575029182e10	9.40522331342207e6
7.673614893618185e10	9.942768463734448e6
7.762471166286928e10	1.0511050743034199e7
7.85235634610071e10	1.1111825628623089e7
7.943282347242822e10	1.1746948560527999e7
8.035261221856194e10	1.2418380614296e7
8.128305161640996e10	1.312819445428614e7
8.222426499470695e10	1.3878580642941661e7
8.317637711026709e10	1.4671854502575103e7
8.413951416451965e10	1.5510462780460984e7
8.51138038202376e10	1.6396991464871272e7
8.609937521846016e10	1.7334173453992963e7
8.709635899560797e10	1.8324896905236322e7
8.810488730080147e10	1.9372213998263665e7
8.91250938133744e10	2.047935019120337e7
9.01571137605957e10	2.1649713960592978e7
9.120108393559116e10	2.2886907203906298e7
9.225714271547629e10	2.4194736305954352e7
9.332543007969925e10	2.557722289932203e7
9.440608762859225e10	2.7038616770132102e7
9.549925860214369e10	2.8583408835790657e7
9.660508789898122e10	3.0216343824659187e7
9.772372209558112e10	3.1942435211192846e7
9.88553094656941e10	3.376698014557655e7
1.e11	3.569557533342349e7
1.0115794542598962e11	3.773413388539795e7
1.0232929922807536e11	3.988890304406635e7
1.0351421666793452e11	4.216648290785259e7
1.0471285480508984e11	4.457384619015551e7
1.0592537251772897e11	4.711835907139519e7
1.0715193052376093e11	4.980780320335643e7
1.0839269140212039e11	5.265039892840072e7
1.0964781961431828e11	5.56548297793721e7
1.1091748152624008e11	5.883026832952934e7
1.1220184543019653e11	6.218640346562179e7
1.1350108156723143e11	6.5733469160175644e7
1.148153621496884e11	6.948227482432649e7
1.1614486138403462e11	7.3444237329934e7
1.1748975549395303e11	7.763141477913602e7
1.1885022274370164e11	8.205654213135451e7
1.2022644346174132e11	8.673306877505766e7
1.2161860006463704e11	9.167519815026328e7
1.2302687708123811e11	9.68979295364336e7
1.2445146117713818e11	1.024171021070403e8
1.2589254117941661e11	1.0824944142500938e8
1.2735030810166629e11	1.1441260838561328e8
1.2882495516931323e11	1.209252508984414e8
1.3031667784523e11	1.2780705831629169e8
1.31825673855641e11	1.3507881882040307e8
1.333521432163324e11	1.4276247999823684e8
1.3489628825916505e11	1.5088121248520294e8
1.3645831365889238e11	1.5945947727005076e8
1.3803842646028867e11	1.6852309649174842e8
1.3963683610559363e11	1.7809932801748493e8
1.4125375446227554e11	1.8821694416016033e8
1.4288939585111066e11	1.9890631447195816e8
1.445439770745928e11	2.101994930415538e8
1.4621771744567154e11	2.2213031043443173e8
1.479108388168207e11	2.347344705359837e8
1.4962356560944357e11	2.4804965254989854e8
1.5135612484362073e11	2.6211561841201732e8
1.531087461682032e11	2.769743258986323e8
1.548816618912486e11	2.926700477403333e8
1.56675107010815e11	3.092494969911982e8
1.5848931924611108e11	3.2676195902987224e8
1.6032453906900418e11	3.45259430513882e8
1.621810097358933e11	3.647967656045618e8
1.640589773199539e11	3.854318297448258e8
1.659586907437556e11	4.0722566187787616e8
1.678804018122559e11	4.3024264528131706e8
1.698243652461746e11	4.5455068457798994e8
1.7179083871575858e11	4.802213973696195e8
1.7378008287493762e11	5.073303105498773e8
1.7579236139586966e11	5.359570694527909e8
1.7782794100389227e11	5.661856570818442e8
1.7988709151287836e11	5.98104624662135e8
1.8197008586099826e11	6.31807334234376e8
1.840772001468958e11	6.673922128428183e8
1.8620871366628656e11	7.049630193857989e8
1.883649089489802e11	7.446291302749703e8
1.9054607179632523e11	7.865058288962474e8
1.9275249131909366e11	8.307146200000186e8
1.9498445997580414e11	8.773835545657208e8
1.9724227361148535e11	9.266475722874249e8
1.9952623149688828e11	9.786488610278026e8
2.0183663636815598e11	1.0335372342496835e9
2.0417379446695316e11	1.0914705269458523e9
2.0653801558105356e11	1.1526150113030815e9
2.0892961308540408e11	1.2171458326940048e9
2.1134890398366434e11	1.2852474670363326e9
2.1379620895022324e11	1.3571142004328868e9
2.1627185237270245e11	1.4329506320799737e9
2.1877616239495517e11	1.5129722014559245e9
2.213094709605632e11	1.597405740839223e9
2.238721138568347e11	1.6864900542378788e9
2.2646443075930618e11	1.7804765238490567e9
2.29086765276777e11	1.87962974519943e9
2.3173946499684796e11	1.9842281921530092e9
2.3442288153199274e11	2.0945649130058897e9
2.3713737056616553e11	2.210948258921462e9
2.398832919019485e11	2.3337026459912314e9
2.4266100950824142e11	2.4631693522387805e9
2.4547089156850336e11	2.599707350912398e9
2.483133105295568e11	2.7436941814445586e9
2.5118864315095822e11	2.8955268594766464e9
2.5409727055493115e11	3.0556228273780713e9
2.5703957827688647e11	3.224420946704317e9
2.6001595631652667e11	3.40238253406239e9
2.6302679918953815e11	3.5899924418606596e9
2.660725059798814e11	3.787760185433194e9
2.691534803926914e11	3.9962211180511703e9
2.7227013080779156e11	4.21593765525396e9
2.7542287033381744e11	4.447500550007007e9
2.7861211686297723e11	4.6915302204734745e9
2.8183829312644495e11	4.948678131032127e9
2.85101826750391e11	5.219628228973438e9
2.8840315031266113e11	5.505098437535941e9
2.917427014001166e11	5.805842206902975e9
2.951209226666378e11	6.122650124356416e9
2.9853826189179694e11	6.456351584763492e9
3.019951720402019e11	6.80781652251825e9
3.054921113215509e11	7.177957205895697e9
3.090295432513592e11	7.5677300944456835e9
3.1260793671239624e11	7.978137760709951e9
3.1622776601683795e11	8.410230875985914e9
3.1988951096913904e11	8.86511026102794e9
3.235936569296281e11	9.343929001512814e9
3.273406948788386e11	9.847894628130592e9
3.3113112148259076e11	1.0378271360808764e10
3.3496543915782794e11	1.093638241624815e10
3.388441561392034e11	1.1523612377565441e10
3.4276778654645044e11	1.2141409624420433e10
3.4673685045253094e11	1.2791288821519176e10
3.5075187395256793e11	1.3474833462868889e10
3.5481338923357605e11	1.4193698468566105e10
3.58921934645005e11	1.4949612830243362e10
3.6307805477010175e11	1.574438230055832e10
3.6728230049808575e11	1.6579892121343006e10
3.715352290971728e11	1.7458109784095814e10
3.7583740428844354e11	1.838108781552223e10
3.801893963205613e11	1.935096657978679e10
3.845917820453543e11	2.036997708786025e10
3.8904514499428046e11	2.144044380311092e10
3.935500754557764e11	2.256478743077642e10
3.9810717055349854e11	2.3745527677414257e10
4.027170343254595e11	2.4985285964523136e10
4.073802778041122e11	2.6286788078826313e10
4.120975190973304e11	2.7652866741119087e10
4.1686938347033636e11	2.9086464064753204e10
4.216965034285823e11	3.0590633884678288e10
4.265795188015917e11	3.2168543957295403e10
4.31519076827765e11	3.3823477912675957e10
4.3651583224016656e11	3.555883704695195e10
4.415704473533121e11	3.737814182405294e10
4.466835921509635e11	3.9285033086862366e10
4.518559443749235e11	4.128327292293265e10
4.570881896148752e11	4.3376745135476395e10
4.623810213992594e11	4.556945526456609e10
4.677351412871981e11	4.786553009779621e10
4.7315125896148126e11	5.026921660360268e10
4.78630092322638e11	5.278488021409624e10
4.841723675840999e11	5.541700237694217e10
4.8977881936844763e11	5.817017728815833e10
4.954501908047905e11	6.104910770917609e10
5.011872336272715e11	6.405859976268224e10
5.0699070827470447e11	6.720355659147103e10
5.1286138399136584e11	7.048897075282921e10
5.1880003892896094e11	7.391991521327711e10
5.2480746024977124e11	7.750153278895926e10
5.308844442309901e11	8.123902386981616e10
5.3703179637025323e11	8.513763224704005e10
5.432503314924325e11	8.920262884799196e10
5.495408738576248e11	9.343929314360489e10
5.559042572704049e11	9.785289209152725e10
5.623413251903491e11	1.0244865631708626e11
5.688529308438401e11	1.072317527589034e11
5.754399373371566e11	1.122072548595758e11
5.821032177708722e11	1.17380108075052e11
5.888436553555884e11	1.2275509237988664e11
5.95662143529011e11	1.2833677912156372e11
6.025595860743594e11	1.3412948409678183e11
6.095368972401693e11	1.4013721478405844e11
6.16595001861481e11	1.4636361192380637e11
6.237348354824192e11	1.5281188476022723e11
6.309573444801943e11	1.5948473937939838e11
6.382634861905482e11	1.663842995146282e11
6.456542290346562e11	1.7351201913949854e11
6.531305526474742e11	1.8086858611025903e11
6.606934480075964e11	1.8845381605772385e11
6.683439175686135e11	1.9626653566389313e11
6.760829753919819e11	2.043044543843475e11
6.839116472814307e11	2.1256402360142023e11
6.918309709189363e11	2.2104028210913202e11
6.998419960022716e11	2.2972669404355667e11
7.079457843841403e11	2.3861494711448114e11
7.161434102129027e11	2.4769472142237985e11
7.244359600749891e11	2.5695360001479077e11
7.328245331389044e11	2.6637664643994934e11
7.413102413009192e11	2.7594625425693274e11
7.498942093324558e11	2.85641823450456e11
7.58577575029182e11	2.9543944788528265e11
7.673614893618186e11	3.0531157070913086e11
7.762471166286927e11	3.1522660895315546e11
7.85235634610071e11	3.2514851768034814e11
7.943282347242821e11	3.350364048162236e11
8.035261221856194e11	3.448441458806099e11
8.128305161640995e11	3.5451936844983e11
8.222426499470696e11	3.640035487936843e11
8.317637711026709e11	3.7323095438764886e11
8.413951416451964e11	3.8212809565879877e11
8.511380382023759e11	3.906129760467326e11
8.609937521846017e11	3.9859429181424396e11
8.709635899560833e11	4.0597056331232404e11
8.810488730080146e11	4.1262919213089044e11
8.91250938133744e11	4.184454381357159e11
9.01571137605957e11	4.232813098987872e11
9.120108393559115e11	4.269843615518419e11
9.225714271547628e11	4.293863885200561e11
9.332543007969886e11	4.3030201401823553e11
9.440608762859265e11	4.295271575520066e11
9.549925860214369e11	4.268373760064367e11
9.660508789898121e11	4.219860671211379e11
9.772372209558112e11	4.147025244232849e11
9.885530946569412e11	4.04689831792022e11
1.e12	3.916226313650251e11
