1.e7	0.
1.0115794542598983e7	0.
1.0232929922807537e7	0.
1.035142166679343e7	0.
1.0471285480508985e7	0.
1.0592537251772897e7	0.
1.0715193052376071e7	0.
1.0839269140212039e7	0.
1.0964781961431852e7	0.
1.109174815262401e7	0.
1.122018454301963e7	0.
1.1350108156723144e7	0.
1.1481536214968817e7	0.
1.1614486138403438e7	0.
1.1748975549395302e7	0.
1.188502227437019e7	0.
1.202264434617413e7	0.
1.2161860006463679e7	0.
1.230268770812381e7	0.
1.2445146117713844e7	0.
1.2589254117941663e7	0.
1.2735030810166629e7	0.
1.288249551693135e7	0.
1.3031667784523001e7	0.
1.3182567385564074e7	0.
1.333521432163324e7	0.
1.3489628825916532e7	0.
1.3645831365889238e7	0.
1.3803842646028839e7	0.
1.3963683610559363e7	0.
1.4125375446227554e7	0.
1.4288939585111037e7	0.
1.445439770745928e7	0.
1.4621771744567184e7	0.
1.4791083881682072e7	0.
1.4962356560944328e7	0.
1.5135612484362071e7	0.
1.5310874616820287e7	0.
1.5488166189124828e7	0.
1.5667510701081501e7	0.
1.5848931924611142e7	0.
1.6032453906900417e7	0.
1.62181009735893e7	0.
1.6405897731995387e7	0.
1.6595869074375596e7	0.
1.678804018122559e7	0.
1.698243652461746e7	0.
1.7179083871575896e7	0.
1.737800828749376e7	0.
1.757923613958693e7	0.
1.7782794100389227e7	0.
1.7988709151287872e7	0.
1.8197008586099826e7	0.
1.8407720014689546e7	0.
1.8620871366628658e7	0.
1.883649089489802e7	0.
1.905460717963248e7	0.
1.9275249131909367e7	0.
1.9498445997580454e7	0.
1.9724227361148532e7	0.
1.9952623149688788e7	0.
2.0183663636815596e7	0.
2.0417379446695276e7	0.
2.0653801558105312e7	0.
2.0892961308540408e7	0.
2.1134890398366477e7	0.
2.1379620895022325e7	0.
2.1627185237270202e7	1.5110574218740751e-307
2.187761623949552e7	4.485254902150963e-304
2.2130947096056364e7	1.2115855077470027e-300
2.2387211385683376e7	2.9901143329643444e-297
2.2646443075930618e7	6.74900422627773e-294
2.290867652767775e7	1.3946195690625198e-290
2.3173946499684796e7	2.641051483997794e-287
2.3442288153199226e7	4.5881640873820786e-284
2.3713737056616552e7	7.319357013831888e-281
2.3988329190194897e7	1.0732598828578193e-277
2.426610095082414e7	1.4479582998717696e-274
2.4547089156850286e7	1.7990483514198474e-271
2.483133105295568e7	2.0605204629252965e-268
2.5118864315095823e7	2.177536034610466e-265
2.5409727055493064e7	2.1252521513690015e-262
2.5703957827688646e7	1.9173882479315286e-259
2.600159563165272e7	1.6005063168141124e-256
2.6302679918953814e7	1.2372037373160887e-253
2.6607250597988084e7	8.864329242862452e-251
2.6915348039269138e7	5.89184470112104e-248
2.7227013080779098e7	3.6360768055889843e-245
2.754228703338169e7	2.0852706843068445e-242
2.7861211686297722e7	1.1122604442697624e-239
2.818382931264455e7	5.522402237264472e-237
2.8510182675039098e7	2.554381309022643e-234
2.8840315031266056e7	1.101625813593738e-231
2.917427014001166e7	4.433264303483977e-229
2.9512092266663842e7	1.6660986477858117e-226
2.9853826189179573e7	5.852046912433729e-224
3.019951720402019e7	1.9225753311732733e-221
3.0549211132155154e7	5.912375149084844e-219
3.090295432513592e7	1.7032341432951528e-216
3.126079367123956e7	4.59988904941642e-214
3.162277660168379e7	1.1654779969681028e-211
3.198895109691397e7	2.7724509106591884e-209
3.235936569296281e7	6.1964414834805205e-207
3.2734069487883795e7	1.3021215070939716e-204
3.3113112148259077e7	2.5745402561308935e-202
3.3496543915782794e7	4.7928256680227095e-200
3.388441561392027e7	8.406758177686335e-198
3.427677865464505e7	1.3902988084784087e-195
3.4673685045253165e7	2.1693251095112189e-193
3.5075187395256795e7	3.195720755523598e-191
3.548133892335753e7	4.447624215914497e-189
3.58921934645005e7	5.85175950588089e-187
3.6307805477010176e7	7.283241163931763e-185
3.67282300498085e7	8.580649964590037e-183
3.715352290971728e7	9.575184394305075e-181
3.758374042884443e7	1.0126900778468667e-178
3.8018939632056125e7	1.0157251945235812e-176
3.845917820453535e7	9.667425546002714e-175
3.890451449942805e7	8.736590303324478e-173
3.935500754557773e7	7.501155171514946e-171
3.981071705534969e7	6.122444705154076e-169
4.027170343254595e7	4.753184207207227e-167
4.07380277804113e7	3.51202038825659e-165
4.120975190973304e7	2.4710905533273773e-163
4.168693834703355e7	1.656621525322352e-161
4.2169650342858225e7	1.0587705661086888e-159
4.265795188015926e7	6.45449752824279e-158
4.31519076827765e7	3.7552630296784303e-156
4.365158322401656e7	2.0862589281233728e-154
4.415704473533121e7	1.107326899028836e-152
4.466835921509635e7	5.618113158041549e-151
4.518559443749226e7	2.7260678402915598e-149
4.570881896148752e7	1.2657161609321562e-147
4.623810213992603e7	5.6261181435596205e-146
4.6773514128719814e7	2.3953614159642073e-144
4.7315125896148026e7	9.773210247051198e-143
4.78630092322638e7	3.823131643633644e-141
4.841723675840999e7	1.4345855798618294e-139
4.897788193684466e7	5.1661358991338044e-138
4.9545019080479056e7	1.786248669330144e-136
5.011872336272725e7	5.932762276936684e-135
5.0699070827470444e7	1.8936983102771205e-133
5.128613839913648e7	5.811671147637315e-132
5.188000389289609e7	1.7156273987130998e-130
5.248074602497723e7	4.873822154019633e-129
5.3088444423098795e7	1.333005648609909e-127
5.370317963702533e7	3.5115476398173325e-126
5.432503314924336e7	8.913656526518557e-125
5.495408738576248e7	2.1811640839744363e-123
5.559042572704037e7	5.147284090802521e-122
5.623413251903491e7	1.1719402211573996e-120
5.688529308438413e7	2.575422009780607e-119
5.754399373371567e7	5.46491028159849e-118
5.82103217770871e7	1.1201686601175886e-116
5.888436553555884e7	2.218817684503635e-115
5.956621435290109e7	4.248814275853967e-114
6.025595860743581e7	7.868464220631584e-113
6.0953689724016935e7	1.4097904094526002e-111
6.165950018614822e7	2.444701500191381e-110
6.237348354824191e7	4.10455730195726e-109
6.3095734448019296e7	6.67477515535537e-108
6.3826348619054824e7	1.0517090240245158e-106
6.456542290346563e7	1.606202147583796e-105
6.531305526474729e7	2.3785137154328233e-104
6.606934480075964e7	3.416374100948993e-103
6.6834391756861486e7	4.761361822435721e-102
6.760829753919819e7	6.440994490075227e-101
6.839116472814293e7	8.460166588336453e-100
6.918309709189363e7	1.0793336720681883e-98
6.998419960022731e7	1.3379142261288175e-97
7.079457843841374e7	1.6119063710673131e-96
7.161434102129027e7	1.8881303574855357e-95
7.244359600749905e7	2.1510216199372942e-94
7.328245331389044e7	2.384056988359865e-93
7.413102413009177e7	2.5714873180960416e-92
7.498942093324558e7	2.70012157195019e-91
7.585775750291836e7	2.7608776711473203e-90
7.673614893618186e7	2.7498444921251843e-89
7.762471166286911e7	2.6686826337477e-88
7.85235634610071e7	2.524310400658613e-87
7.943282347242822e7	2.3279483831415747e-86
8.035261221856177e7	2.093702488586106e-85
8.128305161640996e7	1.8369293357654531e-84
8.222426499470712e7	1.5726395193743567e-83
8.317637711026709e7	1.3141567127310455e-82
8.413951416451947e7	1.0721781530177812e-81
8.511380382023759e7	8.542948251351698e-81
8.609937521846016e7	6.6494765568260114e-80
8.709635899560814e7	5.057343909691057e-79
8.810488730080147e7	3.759481968133767e-78
8.91250938133746e7	2.7322336610650714e-77
9.015711376059571e7	1.9417999960640146e-76
9.120108393559097e7	1.3498925521769532e-75
9.225714271547629e7	9.181463112259184e-75
9.332543007969905e7	6.111548293913541e-74
9.440608762859227e7	3.982214841017793e-73
9.549925860214369e7	2.5406122888302333e-72
9.66050878989814e7	1.5874400465308224e-71
9.772372209558111e7	9.716396963859627e-71
9.88553094656939e7	5.82726407903503e-70
1.e8	3.425129937888946e-69
1.0115794542599003e8	1.9735244175997867e-68
1.0232929922807537e8	1.1149620815703248e-67
1.0351421666793452e8	6.17771302004345e-67
1.0471285480508985e8	3.357702119477166e-66
1.0592537251772897e8	1.7906019357966138e-65
1.0715193052376048e8	9.371150756824297e-65
1.0839269140212038e8	4.8141236002539387e-64
1.0964781961431828e8	2.4280875987879742e-63
1.109174815262401e8	1.202612088565641e-62
1.1220184543019652e8	5.850474886666891e-62
1.1350108156723143e8	2.7960839741675564e-61
1.1481536214968841e8	1.3130794405950144e-60
1.1614486138403414e8	6.060390883158833e-60
1.1748975549395303e8	2.7495729666294956e-59
1.1885022274370165e8	1.2265068505882683e-58
1.2022644346174131e8	5.3802068815499394e-58
1.2161860006463704e8	2.3213221723577342e-57
1.230268770812381e8	9.852842170973519e-57
1.2445146117713869e8	4.114893119036022e-56
1.2589254117941661e8	1.6912462374328708e-55
1.2735030810166629e8	6.842042593884965e-55
1.2882495516931322e8	2.7250459265135835e-54
1.3031667784523e8	1.06868218617617e-53
1.31825673855641e8	4.127496162804617e-53
1.333521432163324e8	1.5702324057107739e-52
1.348962882591656e8	5.885119059861238e-52
1.364583136588924e8	2.173375039611386e-51
1.3803842646028867e8	7.909980086872218e-51
1.3963683610559362e8	2.8375906382111015e-50
1.4125375446227553e8	1.0035274144551763e-49
1.4288939585111007e8	3.499327330653009e-49
1.445439770745928e8	1.2033323523687644e-48
1.4621771744567153e8	4.0813268454357305e-48
1.479108388168207e8	1.3655266542952638e-47
1.4962356560944358e8	4.507642746213247e-47
1.5135612484362072e8	1.4683040495211637e-46
1.5310874616820318e8	4.720256908933212e-46
1.5488166189124796e8	1.4978336400340788e-45
1.5667510701081502e8	4.692175507955458e-45
1.584893192461111e8	1.4513137820786406e-44
1.6032453906900418e8	4.432898009792162e-44
1.621810097358933e8	1.3372596138135287e-43
1.640589773199539e8	4.10279431721628e-43
1.659586907437563e8	1.2070240676854378e-42
1.678804018122559e8	3.508856098279426e-42
1.698243652461746e8	1.0107742088340232e-41
1.717908387157586e8	2.870255286681191e-41
1.7378008287493762e8	8.057393049487233e-41
1.7579236139586967e8	2.2363143595645756e-40
1.7782794100389227e8	6.133999781624943e-40
1.798870915128791e8	1.6658318163316197e-39
1.8197008586099824e8	4.469219596239873e-39
1.8407720014689583e8	1.1860963679083905e-38
1.8620871366628656e8	3.1142214784186347e-38
1.883649089489802e8	8.090457623483892e-38
1.9054607179632443e8	2.078695677779062e-37
1.9275249131909367e8	5.296450886638521e-37
1.9498445997580415e8	1.3330083352299308e-36
1.9724227361148533e8	3.321114906562613e-36
1.9952623149688828e8	8.191963667761837e-36
2.0183663636815596e8	2.0025585983681105e-35
2.0417379446695316e8	4.840379188492026e-35
2.065380155810527e8	1.158712986284006e-34
2.089296130854041e8	2.747400912118024e-34
2.1134890398366433e8	6.453049694331793e-34
2.1379620895022324e8	1.5039513872417401e-33
2.1627185237270245e8	3.467261474210944e-33
2.187761623949552e8	7.916456297611391e-33
2.213094709605641e8	1.7912571371336538e-32
2.238721138568338e8	4.0198731630940865e-32
2.264644307593062e8	8.935762272626427e-32
2.29086765276777e8	1.969088969282878e-31
2.3173946499684796e8	4.301702637615979e-31
2.3442288153199276e8	9.324070395698638e-31
2.3713737056616554e8	2.0016123993393755e-30
2.3988329190194947e8	4.261282270483308e-30
2.4266100950824144e8	8.997615471534819e-30
2.4547089156850335e8	1.8854225167722182e-29
2.4831331052955678e8	3.916904727540631e-29
2.511886431509582e8	8.068618017172171e-29
2.5409727055493012e8	1.649087344666088e-28
2.5703957827688646e8	3.347378837137658e-28
2.6001595631652668e8	6.73648496522753e-28
2.6302679918953815e8	1.3454404127045383e-27
2.660725059798814e8	2.6679403948369493e-27
2.691534803926914e8	5.2465795525666564e-27
2.7227013080779153e8	1.0242174916191593e-26
2.7542287033381635e8	1.9863277426589114e-26
2.786121168629772e8	3.8220801283326373e-26
2.8183829312644494e8	7.302487255921974e-26
2.8510182675039095e8	1.3857588707911817e-25
2.884031503126612e8	2.609536240609333e-25
2.9174270140011656e8	4.882913436732317e-25
2.9512092266663903e8	9.070669057723137e-25
2.985382618917957e8	1.673761998939392e-24
3.019951720402019e8	3.0687596248670816e-24
3.054921113215509e8	5.588050722323837e-24
3.090295432513592e8	1.0108786734777937e-23
3.126079367123962e8	1.8164077923520092e-23
3.1622776601683795e8	3.2437238300488423e-23
3.1988951096914035e8	5.755727911981088e-23
3.235936569296281e8	1.0152428375344109e-22
3.273406948788386e8	1.7792733403444276e-22
3.311311214825908e8	3.098439998823276e-22
3.349654391578279e8	5.363795112332804e-22
3.3884415613920206e8	9.230005711772341e-22
3.427677865464505e8	1.5789805289813132e-21
3.46736850452531e8	2.6858717274436777e-21
3.5075187395256793e8	4.5418921486360184e-21
3.5481338923357606e8	7.634040118008647e-21
3.58921934645005e8	1.2759940978857992e-20
3.630780547701018e8	2.121048212695336e-20
3.6728230049808425e8	3.506603448565311e-20
3.715352290971728e8	5.766114550143976e-20
3.7583740428844357e8	9.429987981849644e-20
3.8018939632056123e8	1.5334981723633386e-19
3.845917820453543e8	2.4808255425334434e-19
3.8904514499428046e8	3.992777542620175e-19
3.9355007545577806e8	6.393589118544673e-19
3.981071705534969e8	1.0186606978699096e-18
4.027170343254595e8	1.6147172880963047e-18
4.073802778041122e8	2.5460512487812455e-18
4.120975190973304e8	3.995107415329421e-18
4.168693834703364e8	6.238840615427024e-18
4.2169650342858225e8	9.696535866576319e-18
4.265795188015934e8	1.4999940627355e-17
4.31519076827765e8	2.3093457996968765e-17
4.3651583224016654e8	3.5378544161091575e-17
4.415704473533121e8	5.3953829292483024e-17
4.466835921509635e8	8.191395023029522e-17
4.518559443749217e8	1.2381363868745358e-16
4.570881896148752e8	1.863269262554383e-16
4.623810213992594e8	2.791582805300528e-16
4.677351412871981e8	4.1630563413816005e-16
4.731512589614813e8	6.182126628930297e-16
4.7863009232263803e8	9.14214249819326e-16
4.841723675840999e8	1.3463655482295433e-15
4.8977881936844563e8	1.9747090940352928e-15
4.9545019080479056e8	2.884387316288625e-15
5.011872336272715e8	4.194802664637289e-15
5.0699070827470446e8	6.0765718283069575e-15
5.1286138399136585e8	8.768278404532034e-15
5.188000389289609e8	1.2603694659186405e-14
5.248074602497734e8	1.8047968194905428e-14
5.308844442309879e8	2.5746511113526384e-14
5.370317963702532e8	3.657785548696829e-14
5.432503314924325e8	5.177570765199847e-14
5.495408738576248e8	7.302307914668829e-14
5.559042572704048e8	1.0262157873786109e-13
5.623413251903491e8	1.4370757496632714e-13
5.688529308438425e8	2.005399169258785e-13
5.754399373371567e8	2.7880081760848717e-13
5.821032177708721e8	3.8624789381594967e-13
5.888436553555884e8	5.333055574021784e-13
5.956621435290109e8	7.339070826745654e-13
6.025595860743569e8	1.0066486920284897e-12
6.095368972401694e8	1.3762691896223151e-12
6.16595001861481e8	1.875411101950025e-12
6.237348354824191e8	2.5468393535407907e-12
6.309573444801943e8	3.447862474128534e-12
6.382634861905483e8	4.6532630232902205e-12
6.456542290346563e8	6.2609515187225485e-12
6.531305526474717e8	8.398732590648082e-12
6.606934480075965e8	1.1232935146752995e-11
6.683439175686135e8	1.4977752665702838e-11
6.760829753919818e8	1.990941398158899e-11
6.839116472814307e8	2.6389250834637244e-11
6.918309709189363e8	3.487923717173086e-11
6.998419960022745e8	4.597191508114084e-11
7.079457843841373e8	6.042519834392483e-11
7.161434102129027e8	7.920587685985148e-11
7.244359600749891e8	1.0354385282785223e-10
7.328245331389045e8	1.3497305766045233e-10
7.413102413009192e8	1.7547328937013602e-10
7.498942093324559e8	2.2753469651874209e-10
7.585775750291852e8	2.9428606633314887e-10
7.673614893618186e8	3.796555655300437e-10
7.762471166286927e8	4.885625439659124e-10
7.852356346100711e8	6.271522552312726e-10
7.943282347242821e8	8.030823789040132e-10
8.03526122185616e8	1.0258716528479506e-9
8.128305161640995e8	1.3071005939277457e-9
8.222426499470695e8	1.6614903763842753e-9
8.317637711026709e8	2.1070277527715563e-9
8.413951416451964e8	2.665856641778842e-9
8.511380382023759e8	3.3651759847868384e-9
8.609937521846017e8	4.238315060678512e-9
8.709635899560796e8	5.326022262591546e-9
8.810488730080147e8	6.6780030301435414e-9
8.912509381337441e8	8.354750525664446e-9
9.01571137605957e8	1.0429720779789586e-8
9.120108393559115e8	1.29919134785117e-8
9.225714271547629e8	1.6148918490363736e-8
9.332543007969924e8	2.0029032274500433e-8
9.440608762859226e8	2.4788974275589958e-8
9.549925860214369e8	3.0616442246196766e-8
9.660508789898121e8	3.7736026724091114e-8
9.772372209558111e8	4.641628819049789e-8
9.88553094656941e8	5.69776845531229e-8
1.e9	6.980178101966328e-8
1.0115794542598962e9	8.534194910617501e-8
1.0232929922807536e9	1.0413574286637867e-7
1.0351421666793451e9	1.2681920793883478e-7
1.0471285480508986e9	1.5414335538644591e-7
1.0592537251772897e9	1.8699312358729382e-7
1.0715193052376093e9	2.2640912449832468e-7
1.083926914021204e9	2.736125332152517e-7
1.0964781961431828e9	3.3003353342751564e-7
1.1091748152624009e9	3.9734371832025307e-7
1.1220184543019652e9	4.774929637938758e-7
1.1350108156723144e9	5.72751263708194e-7
1.148153621496884e9	6.857561109465552e-7
1.1614486138403413e9	8.195660476734106e-7
1.1748975549395304e9	9.777210881962777e-7
1.1885022274370165e9	1.1643107063712108e-6
1.202264434617413e9	1.3840502457338681e-6
1.2161860006463704e9	1.642366633603174e-6
1.230268770812381e9	1.9454942713153698e-6
1.2445146117713869e9	2.300582255662778e-6
1.258925411794166e9	2.7158139696418414e-6
1.2735030810166628e9	3.2005402429094794e-6
1.2882495516931322e9	3.76542753772569e-6
1.3031667784523e9	4.422622363390392e-6
1.31825673855641e9	5.185933694396149e-6
1.333521432163324e9	6.071034979796235e-6
1.3489628825916505e9	7.095687538328356e-6
1.364583136588924e9	8.279987423865522e-6
1.3803842646028867e9	9.646637951599666e-6
1.3963683610559363e9	0.00001122125014436228
1.4125375446227555e9	0.000013032673956803145
1.4288939585111065e9	0.000015113362859405327
1.445439770745928e9	0.000017499775198268258
1.4621771744567153e9	0.000020232815712385573
1.4791083881682072e9	0.000023358321050505617
1.496235656094436e9	0.00002692759348192097
1.513561248436207e9	0.000030997988072846525
1.5310874616820319e9	0.00003563355755510157
1.5488166189124796e9	0.000040905761536978025
1.5667510701081502e9	0.00004689424645684522
1.5848931924611108e9	0.00005368770365929037
1.6032453906900418e9	0.00006138481261211937
1.6218100973589332e9	0.00007009501399171656
1.6405897731995387e9	0.00007993877911560304
1.6595869074375632e9	0.00009105265538359742
1.6788040181225588e9	0.0001035867135368728
1.698243652461746e9	0.000117707369398356
1.7179083871575859e9	0.00013359907332886802
1.7378008287493763e9	0.00015146617402519655
1.7579236139586966e9	0.00017153497694043134
1.7782794100389228e9	0.00019405601841700876
1.7988709151287837e9	0.00021930657793487439
1.8197008586099825e9	0.0002475934569337428
1.8407720014689581e9	0.00027925604860224053
1.8620871366628656e9	0.00031466973727098564
1.8836490894898021e9	0.00035424965402899497
1.905460717963252e9	0.00039845483586572946
1.9275249131909366e9	0.0004477928221266698
1.9498445997580414e9	0.0005028247429121655
1.9724227361148534e9	0.0005641709461645145
1.9952623149688828e9	0.0006325172181480624
2.0183663636815596e9	0.0007086216625339317
2.0417379446695316e9	0.000793322305127944
2.065380155810527e9	0.0008875454859701325
2.0892961308540409e9	0.0009923151392139363
2.1134890398366432e9	0.0011087630357912268
2.1379620895022326e9	0.0012381400726597552
2.1627185237270246e9	0.0013818287245875892
2.187761623949552e9	0.0015413567740830364
2.213094709605641e9	0.0017184124288528756
2.238721138568338e9	0.001914860958649204
2.264644307593062e9	0.002132762988092005
2.29086765276777e9	0.0023743946128337154
2.3173946499684796e9	0.0026422694884625886
2.3442288153199277e9	0.002939163097415909
2.3713737056616554e9	0.003268139333893881
2.398832919019485e9	0.003632579906303253
2.426610095082414e9	0.004036215017259167
2.454708915685034e9	0.00448316157593665
2.483133105295568e9	0.004977952702990414
2.511886431509582e9	0.0055256021964447
2.5409727055493116e9	0.006131611887086311
2.5703957827688646e9	0.006802058809488521
2.600159563165267e9	0.007543629574624434
2.6302679918953815e9	0.008363681234812426
2.660725059798814e9	0.009270321752962912
2.6915348039269137e9	0.010272173203485736
2.7227013080779157e9	0.011379175093602712
2.7542287033381634e9	0.012602103050992713
2.786121168629772e9	0.013952739849384643
2.818382931264449e9	0.015444062452027311
2.8510182675039096e9	0.017090244081096946
2.8840315031266117e9	0.018906871122585236
2.917427014001166e9	0.02091102138051426
2.95120922666639e9	0.02312139350582757
2.9853826189179573e9	0.02555847927128867
3.019951720402019e9	0.028244697281978804
3.0549211132155094e9	0.03120457006978875
3.0902954325135922e9	0.03446492904593664
3.126079367123962e9	0.038055080251478766
3.1622776601683793e9	0.04200703545900651
3.1988951096913905e9	0.046355785420300846
3.235936569296281e9	0.05113946436997355
3.2734069487883863e9	0.05639969504447536
3.3113112148259077e9	0.06217890481886425
3.3496543915782795e9	0.06852706015708217
3.3884415613920345e9	0.07549918446538682
3.4276778654645047e9	0.0831537356707227
3.4673685045253096e9	0.09155429790623174
3.5075187395256796e9	0.10077002388309778
3.5481338923357606e9	0.11087611032625434
3.58921934645005e9	0.121954285581763
3.6307805477010174e9	0.1340932831383808
3.6728230049808426e9	0.1473894379386034
3.715352290971728e9	0.16194746220305212
3.7583740428844357e9	0.17788071489148066
3.8018939632056127e9	0.19530584344667967
3.845917820453543e9	0.2143464763688092
3.890451449942805e9	0.23515849794985302
3.9355007545577803e9	0.2578977159455199
3.9810717055349693e9	0.28273282432087105
4.027170343254595e9	0.309846477145437
4.073802778041122e9	0.33943616367460994
4.1209751909733043e9	0.37171549215277083
4.1686938347033634e9	0.4069153954545293
4.2169650342858224e9	0.4452855435901266
4.265795188015917e9	0.4870908968181371
4.31519076827765e9	0.5325661258360112
4.365158322401666e9	0.5820736567092566
4.415704473533121e9	0.6359512399727362
4.466835921509635e9	0.6945629431759984
4.518559443749235e9	0.7583015837343453
4.570881896148752e9	0.827590697647375
4.623810213992594e9	0.9028868704804145
4.677351412871982e9	0.9846820891585941
4.731512589614813e9	1.0735063371748377
4.78630092322638e9	1.1697755944748085
4.841723675840999e9	1.2742240687979187
4.897788193684457e9	1.3875156238385904
4.954501908047905e9	1.5103575954264392
5.011872336272715e9	1.6435117772624286
5.069907082747045e9	1.7877973312729563
5.128613839913659e9	1.9440951426204072
5.18800038928961e9	2.113352296569167
5.248074602497734e9	2.2963925545253976
5.308844442309879e9	2.494311149248096
5.370317963702533e9	2.708410044262924
5.432503314924325e9	2.9399437416324194
5.495408738576248e9	3.190259399733918
5.559042572704048e9	3.4608028174956216
5.623413251903491e9	3.753126300746296
5.688529308438401e9	4.068895613827875
5.754399373371567e9	4.409431869850661
5.821032177708722e9	4.776802809631887
5.888436553555884e9	5.173255029703445
5.95662143529011e9	5.600979795615709
6.025595860743593e9	6.062326144870106
6.095368972401693e9	6.559811867830287
6.16595001861481e9	7.096135897769173
6.237348354824191e9	7.673999652547053
6.309573444801943e9	8.295529197677086
6.382634861905482e9	8.964992826363382
6.456542290346562e9	9.685921742709365
6.531305526474716e9	10.462096989938422
6.606934480075964e9	11.29756705396823
6.683439175686135e9	12.196665521960428
6.760829753919819e9	13.164030668016478
6.839116472814306e9	14.202496914421094
6.918309709189363e9	15.318947604559206
6.998419960022745e9	16.519229017828515
7.079457843841373e9	17.809378604107348
7.161434102129027e9	19.195857158315132
7.244359600749891e9	20.685568291983394
7.328245331389045e9	22.285897711483315
7.413102413009192e9	24.00119309095815
7.498942093324558e9	25.842398341256416
7.585775750291821e9	27.818926235625145
7.673614893618186e9	29.940352516221893
7.762471166286927e9	32.21691151671208
7.85235634610071e9	34.659535252901954
7.943282347242822e9	37.27974320298157
8.035261221856194e9	40.08351310218757
8.128305161640995e9	43.08985974747152
8.2224264994706955e9	46.312919229050834
8.317637711026709e9	49.76778611829572
8.413951416451964e9	53.47057995621542
8.511380382023759e9	57.43850855959926
8.609937521846016e9	61.68663407116294
8.709635899560797e9	66.229616856915
8.810488730080147e9	71.09504968508689
8.91250938133744e9	76.30511353461023
9.01571137605957e9	81.88347749147808
9.120108393559114e9	87.85539655405799
9.225714271547628e9	94.24781656913215
9.332543007969925e9	101.0770356545132
9.440608762859226e9	108.37915253120359
9.549925860214369e9	116.19130029759097
9.66050878989812e9	124.54811674400838
9.772372209558111e9	133.48654060304935
9.88553094656941e9	143.04596199457123
1.e10	153.2627408364265
1.0115794542598963e10	164.16423023754587
1.0232929922807537e10	175.81742505219597
1.0351421666793451e10	188.27286370932612
1.0471285480508986e10	201.58439908876096
1.0592537251772898e10	215.80944090515493
1.0715193052376093e10	231.00917421043388
1.0839269140212038e10	247.21498193179715
1.096478196143183e10	264.5161492429328
1.1091748152624008e10	282.9946056098772
1.1220184543019653e10	302.72866760294767
1.1350108156723143e10	323.8017719650579
1.1481536214968842e10	346.3028038896008
1.1614486138403414e10	370.29851998043625
1.1748975549395304e10	395.875454992407
1.1885022274370165e10	423.17433679859266
1.2022644346174131e10	452.30875350655555
1.2161860006463703e10	483.39967110683466
1.2302687708123812e10	516.5759073544866
1.244514611771387e10	551.9615530753208
1.2589254117941662e10	589.6260530873108
1.273503081016663e10	629.8015442653639
1.2882495516931322e10	672.6523887640016
1.3031667784523e10	718.3535598177128
1.31825673855641e10	767.0913242858281
1.333521432163324e10	819.0639679816153
1.3489628825916506e10	874.3485853263096
1.3645831365889238e10	933.2685392820779
1.3803842646028866e10	996.0773641189227
1.3963683610559362e10	1063.027631108064
1.4125375446227554e10	1134.3881200519388
1.4288939585111067e10	1210.4448517859605
1.445439770745928e10	1291.3512372832065
1.4621771744567154e10	1377.4864948090085
1.4791083881682072e10	1469.260612997813
1.4962356560944359e10	1567.0374720759728
1.5135612484362072e10	1671.2041872602235
1.5310874616820318e10	1782.1725760365714
1.5488166189124796e10	1900.2161953601671
1.5667510701081501e10	2025.771654644375
1.5848931924611109e10	2159.4849514047187
1.6032453906900417e10	2301.8794073133413
1.621810097358933e10	2453.511605051323
1.6405897731995388e10	2614.9734895209735
1.6595869074375631e10	2786.723230584441
1.678804018122559e10	2969.2526060202463
1.698243652461746e10	3163.5595360335165
1.717908387157586e10	3370.3954178430604
1.7378008287493763e10	3590.5591997572697
1.7579236139586967e10	3824.900373855359
1.778279410038923e10	4074.1558154347376
1.7988709151287838e10	4338.864287457759
1.8197008586099827e10	4620.543571689827
1.8407720014689583e10	4920.270897513027
1.8620871366628654e10	5239.191456814343
1.883649089489802e10	5578.52248847985
1.9054607179632523e10	5939.41563094716
1.9275249131909367e10	6322.439808509779
1.9498445997580414e10	6729.87473003149
1.9724227361148533e10	7163.262603785665
1.9952623149688828e10	7624.242472776569
2.0183663636815598e10	8114.556270023509
2.0417379446695316e10	8635.965792528265
2.065380155810527e10	9189.040960953362
2.089296130854041e10	9777.170812470105
2.1134890398366432e10	10402.560298055718
2.1379620895022324e10	11067.552327149744
2.1627185237270245e10	11774.636370386359
2.1877616239495518e10	12526.457597735158
2.2130947096056408e10	13323.55846481442
2.2387211385683376e10	14170.916350272571
2.264644307593062e10	15071.685787951108
2.29086765276777e10	16029.211731876821
2.3173946499684795e10	17047.04773178292
2.3442288153199276e10	18128.96882100435
2.3713737056616554e10	19275.87147872308
2.398832919019485e10	20494.578837726116
2.4266100950824142e10	21789.743956263526
2.4547089156850334e10	23166.136983410302
2.4831331052955677e10	24628.824579222757
2.511886431509582e10	26183.188307975957
2.540972705549312e10	27830.634071095414
2.570395782768865e10	29580.58248704415
2.6001595631652668e10	31439.83551702674
2.6302679918953815e10	33415.18844960381
2.660725059798814e10	35513.857745156885
2.691534803926914e10	37743.507097459486
2.7227013080779156e10	40106.26260072583
2.7542287033381634e10	42615.2207235685
2.786121168629772e10	45280.24989498546
2.8183829312644493e10	48111.020488560156
2.8510182675039097e10	51117.80059458276
2.8840315031266117e10	54311.49291718388
2.9174270140011658e10	57695.225948000836
2.9512092266663902e10	61287.3229465085
2.9853826189179573e10	65102.00948200362
3.019951720402019e10	69153.03409786227
3.054921113215509e10	73454.9928464368
3.090295432513592e10	78023.38165657091
3.126079367123962e10	82862.70406074406
3.1622776601683792e10	87998.74516621149
3.1988951096913906e10	93451.89830599279
3.235936569296281e10	99241.69176739486
3.273406948788386e10	105388.85459065162
3.3113112148259075e10	111915.39036424276
3.3496543915782795e10	118827.66283453861
3.388441561392034e10	126162.1446568276
3.4276778654645046e10	133947.93068969788
3.46736850452531e10	142212.73365592142
3.50751873952568e10	150985.96606295175
3.5481338923357605e10	160298.84442700853
3.5892193464500496e10	170160.2130515123
3.630780547701018e10	180621.89217711016
3.6728230049808426e10	191725.2159629709
3.715352290971728e10	203509.4772708655
3.758374042884435e10	216016.37325444442
3.801893963205613e10	229290.1524838446
3.845917820453543e10	243342.91732566853
3.890451449942805e10	258248.572261658
3.9355007545577805e10	274065.6197883002
3.981071705534969e10	290849.72437554266
4.027170343254595e10	308659.9486047809
4.073802778041122e10	327558.9606141635
4.120975190973304e10	347563.0696571458
4.168693834703364e10	368778.0059887458
4.216965034285822e10	391286.29403264215
4.2657951880159164e10	415166.7253897388
4.3151907682776505e10	440502.89057800075
4.3651583224016655e10	467383.4714061192
4.415704473533121e10	495830.1011998926
4.466835921509635e10	525994.4240928903
4.5185594437492355e10	557992.4970814157
4.570881896148752e10	591935.755926843
4.623810213992594e10	627942.4083102026
4.677351412871981e10	666137.845318288
4.7315125896148125e10	706550.2708518967
4.78630092322638e10	749397.6146440259
4.841723675840999e10	794842.6383628469
4.897788193684457e10	843042.818277869
4.954501908047906e10	894165.1788397988
5.011872336272715e10	948386.8718009688
5.069907082747044e10	1.0057439434203764e6
5.128613839913659e10	1.066550059310049e6
5.1880003892896095e10	1.1310328930547475e6
5.248074602497734e10	1.1994148021790206e6
5.308844442309879e10	1.271931596035506e6
5.370317963702533e10	1.3488333499076942e6
5.432503314924325e10	1.4301650291855438e6
5.495408738576248e10	1.516378594770986e6
5.559042572704048e10	1.607791749091927e6
5.6234132519034904e10	1.7047182056672785e6
5.688529308438402e10	1.8074906136021432e6
5.754399373371567e10	1.9164617012016908e6
5.821032177708722e10	2.0316858196376907e6
5.888436553555884e10	2.1538147001951807e6
5.956621435290109e10	2.283290649385377e6
6.0255958607435936e10	2.4205559053280395e6
6.095368972401694e10	2.5660793384883823e6
6.1659500186148094e10	2.720358054521409e6
6.237348354824191e10	2.8834549097518693e6
6.3095734448019424e10	3.0563101587054236e6
6.3826348619054825e10	3.2395382062447853e6
6.456542290346562e10	3.433761941330892e6
6.531305526474716e10	3.6396416767672747e6
6.606934480075964e10	3.857877397689098e6
6.683439175686135e10	4.088536970152291e6
6.760829753919819e10	4.332977232698185e6
6.839116472814307e10	4.592049779829212e6
6.918309709189363e10	4.866631192381666e6
6.998419960022745e10	5.157650590047344e6
7.079457843841373e10	5.466092780599555e6
7.161434102129027e10	5.792022425506523e6
7.244359600749892e10	6.137397600413387e6
7.328245331389044e10	6.503396067155571e6
7.413102413009192e10	6.891250320603593e6
7.498942093324559e10	7.302266545233304e6
7.58577575029182e10	7.737820381016719e6
7.673614893618185e10	8.197982826846583e6
7.762471166286928e10	8.685553366630653e6
7.85235634610071e10	9.20216588750557e6
7.943282347242822e10	9.749551714299375e6
8.035261221856194e10	1.0329545417087244e7
8.128305161640996e10	1.0944035304196166e7
8.222426499470695e10	1.159318376767157e7
8.317637711026709e10	1.2280899761872884e7
8.413951416451965e10	1.300947658108716e7
8.51138038202376e10	1.3781343911062032e7
8.609937521846016e10	1.4599075940320143e7
8.709635899560797e10	1.5465257826456245e7
8.810488730080147e10	1.638020908710348e7
8.91250938133744e10	1.734938122118287e7
9.01571137605957e10	1.837598981701716e7
9.120108393559116e10	1.9463441171479445e7
9.225714271547629e10	2.0615343595293432e7
9.332543007969925e10	2.183522631059661e7
9.440608762859225e10	2.312367039470587e7
9.549925860214369e10	2.4488269367609695e7
9.660508789898122e10	2.593352724732445e7
9.772372209558112e10	2.7464214367289815e7
9.88553094656941e10	2.90853831170032e7
1.e11	3.080183701028391e7
1.0115794542598962e11	3.2614582329992443e7
1.0232929922807536e11	3.453418319890516e7
1.0351421666793452e11	3.6566941183135964e7
1.0471285480508984e11	3.871952927146029e7
1.0592537251772897e11	4.0999013738248e7
1.0715193052376093e11	4.341191106741637e7
1.0839269140212039e11	4.59599061540416e7
1.0964781961431828e11	4.865767723189591e7
1.1091748152624008e11	5.1514030196339235e7
1.1220184543019653e11	5.453828819324694e7
1.1350108156723143e11	5.774032195839862e7
1.148153621496884e11	6.1128939996032335e7
1.1614486138403462e11	6.4706894412833124e7
1.1748975549395303e11	6.849455305378672e7
1.1885022274370164e11	7.250420548475134e7
1.2022644346174132e11	7.674886051461922e7
1.2161860006463704e11	8.124228817767456e7
1.2302687708123811e11	8.599634739012457e7
1.2445146117713818e11	9.101544822575232e7
1.2589254117941661e11	9.632781489204392e7
1.2735030810166629e11	1.019505748480863e8
1.2882495516931323e11	1.0790185393723664e8
1.3031667784523e11	1.142008343869378e8
1.31825673855641e11	1.2086340979770303e8
1.333521432163324e11	1.2789653983803655e8
1.3489628825916505e11	1.3533927906092325e8
1.3645831365889238e11	1.432154611730126e8
1.3803842646028867e11	1.5155030314184248e8
1.3963683610559363e11	1.603704851308514e8
1.4125375446227554e11	1.6969719827168232e8
1.4288939585111066e11	1.7954128844588867e8
1.445439770745928e11	1.899567136134228e8
1.4621771744567154e11	2.0097658481468624e8
1.479108388168207e11	2.1263592562791252e8
1.4962356560944357e11	2.24971782046191e8
1.5135612484362073e11	2.380122399149075e8
1.531087461682032e11	2.5177402302285346e8
1.548816618912486e11	2.663315574932608e8
1.56675107010815e11	2.817307597267086e8
1.5848931924611108e11	2.980201843749889e8
1.6032453906900418e11	3.1525117492322296e8
1.621810097358933e11	3.3346069461313486e8
1.640589773199539e11	3.526742963630855e8
1.659586907437556e11	3.729944567585227e8
1.678804018122559e11	3.944847229959728e8
1.698243652461746e11	4.1721227230888295e8
1.7179083871575858e11	4.4124811759865487e8
1.7378008287493762e11	4.666404993068805e8
1.7579236139586966e11	4.934281498729605e8
1.7782794100389227e11	5.2175189625452864e8
1.7988709151287836e11	5.5169949224037e8
1.8197008586099826e11	5.833636717240838e8
1.840772001468958e11	6.16842428485928e8
1.8620871366628656e11	6.521980821996799e8
1.883649089489802e11	6.8948892633269e8
1.9054607179632523e11	7.289080816344417e8
1.9275249131909366e11	7.705764313247683e8
1.9498445997580414e11	8.146216686678923e8
1.9724227361148535e11	8.611786758949994e8
1.9952623149688828e11	9.103269469213873e8
2.0183663636815598e11	9.621536532002808e8
2.0417379446695316e11	1.0169230107475264e9
2.0653801558105356e11	1.07480108068779e9
2.0892961308540408e11	1.1359632018749242e9
2.1134890398366434e11	1.2005945013922763e9
2.1379620895022324e11	1.2687947517549572e9
2.1627185237270245e11	1.3406935428420668e9
2.1877616239495517e11	1.416651422991517e9
2.213094709605632e11	1.4968958067756379e9
2.238721138568347e11	1.5816666943032057e9
2.2646443075930618e11	1.671217354709956e9
2.29086765276777e11	1.7656703607576919e9
2.3173946499684796e11	1.8652173112098062e9
2.3442288153199274e11	1.9703487835678966e9
2.3713737056616553e11	2.0813751143547444e9
2.398832919019485e11	2.198623627914129e9
2.4266100950824142e11	2.322439545074957e9
2.4547089156850336e11	2.452969059253468e9
2.483133105295568e11	2.590493994113145e9
2.5118864315095822e11	2.735679668629586e9
2.5409727055493115e11	2.8889478657970324e9
2.5703957827688647e11	3.050743165492924e9
2.6001595631652667e11	3.221534141777859e9
2.6302679918953815e11	3.4014877297411485e9
2.660725059798814e11	3.591016433108247e9
2.691534803926914e11	3.791019200065937e9
2.7227013080779156e11	4.0020666079324327e9
2.7542287033381744e11	4.224759615544708e9
2.7861211686297723e11	4.459731123554573e9
2.8183829312644495e11	4.707158790454898e9
2.85101826750391e11	4.967643533235101e9
2.8840315031266113e11	5.2423947885491e9
2.917427014001166e11	5.532180219854637e9
2.951209226666378e11	5.837807644743418e9
2.9853826189179694e11	6.160127040511381e9
3.019951720402019e11	6.499303858173734e9
3.054921113215509e11	6.856209416679979e9
3.090295432513592e11	7.232462841265985e9
3.1260793671239624e11	7.629090331867878e9
3.1622776601683795e11	8.047170620793892e9
3.1988951096913904e11	8.487837505041464e9
3.235936569296281e11	8.951198870922844e9
3.273406948788386e11	9.438512278218708e9
3.3113112148259076e11	9.95193277640145e9
3.3496543915782794e11	1.0492821655307888e10
3.388441561392034e11	1.1062608061661093e10
3.4276778654645044e11	1.1662792120721281e10
3.4673685045253094e11	1.2293340920316105e10
3.5075187395256793e11	1.2956061023073446e10
3.5481338923357605e11	1.3653801108051443e10
3.58921934645005e11	1.438835016729875e10
3.6307805477010175e11	1.516158342428979e10
3.6728230049808575e11	1.5975466053729786e10
3.715352290971728e11	1.6829678419133385e10
3.7583740428844354e11	1.772680340549842e10
3.801893963205613e11	1.8670575486122723e10
3.845917820453543e11	1.966331866594589e10
3.8904514499428046e11	2.0707464181094765e10
3.935500754557764e11	2.180555470883148e10
3.9810717055349854e11	2.2956735772928017e10
4.027170343254595e11	2.416468195201948e10
4.073802778041122e11	2.5434239480800854e10
4.120975190973304e11	2.676838336123204e10
4.1686938347033636e11	2.817021798682348e10
4.216965034285823e11	2.9642981508061733e10
4.265795188015917e11	3.1184871897754635e10
4.31519076827765e11	3.2801089676744537e10
4.3651583224016656e11	3.449784440364487e10
4.415704473533121e11	3.627887201605355e10
4.466835921509635e11	3.814805778674566e10
4.518559443749235e11	4.0109440096439995e10
4.570881896148752e11	4.215959406065791e10
4.623810213992594e11	4.430583886432685e10
4.677351412871981e11	4.65653347636636e10
4.7315125896148126e11	4.892408836895252e10
4.78630092322638e11	5.1393680813335655e10
4.841723675840999e11	5.397859876590242e10
4.8977881936844763e11	5.6683445440719734e10
4.954501908047905e11	5.9512936807837234e10
5.011872336272715e11	6.2471896814615746e10
5.0699070827470447e11	6.55652515039029e10
5.1286138399136584e11	6.879802190510994e10
5.1880003892896094e11	7.217531556266615e10
5.2480746024977124e11	7.570231655382333e10
5.308844442309901e11	7.938427383402278e10
5.3703179637025323e11	8.32264877337573e10
5.432503314924325e11	8.723429441423679e10
5.495408738576248e11	9.141304807247966e10
5.559042572704049e11	9.576810066725172e10
5.623413251903491e11	1.0030477891717278e11
5.688529308438401e11	1.0502835830026648e11
5.754399373371566e11	1.0994403376020439e11
5.821032177708722e11	1.1505688679895996e11
5.888436553555884e11	1.2037184860750253e11
5.95662143529011e11	1.2589365885578949e11
6.025595860743594e11	1.3162681973106644e11
6.095368972401693e11	1.3757554477725275e11
6.16595001861481e11	1.4374370205120245e11
6.237348354824192e11	1.5013475106863278e11
6.309573444801943e11	1.5675167296958987e11
6.382634861905482e11	1.6359689328294562e11
6.456542290346562e11	1.7067219661936017e11
6.531305526474742e11	1.779786325639842e11
6.606934480075964e11	1.8551641197934702e11
6.683439175686135e11	1.932847928645169e11
6.760829753919819e11	2.0128195484333215e11
6.839116472814307e11	2.0950486127906723e11
6.918309709189363e11	2.1794910792979935e11
6.998419960022716e11	2.2660875696838812e11
7.079457843841403e11	2.3547615509541327e11
7.161434102129027e11	2.4454173436789047e11
7.244359600749891e11	2.5379379425534314e11
7.328245331389044e11	2.6321826331256186e11
7.413102413009192e11	2.727984387262497e11
7.498942093324558e11	2.825147018553147e11
7.58577575029182e11	2.923442077255842e11
7.673614893618186e11	3.0226054628379895e11
7.762471166286927e11	3.1223337302866003e11
7.85235634610071e11	3.222280064563079e11
7.943282347242821e11	3.3220498954093945e11
8.035261221856194e11	3.4211961225912555e11
8.128305161640995e11	3.51921391916004e11
8.222426499470696e11	3.6155350778916473e11
8.317637711026709e11	3.70952186306522e11
8.413951416451964e11	3.800460326998775e11
8.511380382023759e11	3.887553047292014e11
8.609937521846017e11	3.9699112374421173e11
8.709635899560833e11	4.0465461796309106e11
8.810488730080146e11	4.116359924482734e11
8.91250938133744e11	4.178135198331874e11
9.01571137605957e11	4.2305244536453827e11
9.120108393559115e11	4.272037993502615e11
9.225714271547628e11	4.301031095348849e11
9.332543007969886e11	4.315690053535024e11
9.440608762859265e11	4.31401705380204e11
9.549925860214369e11	4.2938137863111597e11
9.660508789898121e11	4.2526636960483795e11
9.772372209558112e11	4.187912762196e11
9.885530946569412e11	4.096648689152968e11
1.e12	3.975678383152816e11
