1.e7	0.
1.0115794542598983e7	0.
1.0232929922807537e7	0.
1.035142166679343e7	0.
1.0471285480508985e7	0.
1.0592537251772897e7	0.
1.0715193052376071e7	0.
1.0839269140212039e7	0.
1.0964781961431852e7	0.
1.109174815262401e7	0.
1.122018454301963e7	0.
1.1350108156723144e7	0.
1.1481536214968817e7	0.
1.1614486138403438e7	0.
1.1748975549395302e7	0.
1.188502227437019e7	0.
1.202264434617413e7	0.
1.2161860006463679e7	0.
1.230268770812381e7	0.
1.2445146117713844e7	0.
1.2589254117941663e7	0.
1.2735030810166629e7	0.
1.288249551693135e7	0.
1.3031667784523001e7	0.
1.3182567385564074e7	0.
1.333521432163324e7	0.
1.3489628825916532e7	0.
1.3645831365889238e7	0.
1.3803842646028839e7	0.
1.3963683610559363e7	0.
1.4125375446227554e7	0.
1.4288939585111037e7	0.
1.445439770745928e7	0.
1.4621771744567184e7	0.
1.4791083881682072e7	0.
1.4962356560944328e7	0.
1.5135612484362071e7	0.
1.5310874616820287e7	0.
1.5488166189124828e7	0.
1.5667510701081501e7	0.
1.5848931924611142e7	0.
1.6032453906900417e7	0.
1.62181009735893e7	0.
1.6405897731995387e7	0.
1.6595869074375596e7	0.
1.678804018122559e7	0.
1.698243652461746e7	0.
1.7179083871575896e7	0.
1.737800828749376e7	0.
1.757923613958693e7	0.
1.7782794100389227e7	0.
1.7988709151287872e7	0.
1.8197008586099826e7	0.
1.8407720014689546e7	0.
1.8620871366628658e7	0.
1.883649089489802e7	0.
1.905460717963248e7	0.
1.9275249131909367e7	0.
1.9498445997580454e7	0.
1.9724227361148532e7	0.
1.9952623149688788e7	0.
2.0183663636815596e7	0.
2.0417379446695276e7	0.
2.0653801558105312e7	0.
2.0892961308540408e7	0.
2.1134890398366477e7	0.
2.1379620895022325e7	0.
2.1627185237270202e7	1.4805483000608956e-307
2.187761623949552e7	4.385798411026661e-304
2.2130947096056364e7	1.1856485206093816e-300
2.2387211385683376e7	2.9283624345285128e-297
2.2646443075930618e7	6.614642950575566e-294
2.290867652767775e7	1.3678751147867172e-290
2.3173946499684796e7	2.592302295629369e-287
2.3442288153199226e7	4.5067107575506446e-284
2.3713737056616552e7	7.194478532827332e-281
2.3988329190194897e7	1.0556754205780115e-277
2.426610095082414e7	1.4251939735535253e-274
2.4547089156850286e7	1.7719287973545795e-271
2.483133105295568e7	2.030760892798652e-268
2.5118864315095823e7	2.1474269018780086e-265
2.5409727055493064e7	2.0971392616810394e-262
2.5703957827688646e7	1.8931414776877698e-259
2.600159563165272e7	1.581171205954665e-256
2.6302679918953814e7	1.2229350170302406e-253
2.6607250597988084e7	8.766792416206026e-251
2.6915348039269138e7	5.830029405213085e-248
2.7227013080779098e7	3.5997217505255317e-245
2.754228703338169e7	2.0654109810925506e-242
2.7861211686297722e7	1.1021744746868648e-239
2.818382931264455e7	5.474737391910989e-237
2.8510182675039098e7	2.5334008781097245e-234
2.8840315031266056e7	1.0930165053739478e-231
2.917427014001166e7	4.400298464511539e-229
2.9512092266663842e7	1.654308769145161e-226
2.9853826189179573e7	5.81262710637018e-224
3.019951720402019e7	1.910241618697843e-221
3.0549211132155154e7	5.87622872417586e-219
3.090295432513592e7	1.693301821486656e-216
3.126079367123956e7	4.574275178462488e-214
3.162277660168379e7	1.159272643668927e-211
3.198895109691397e7	2.7583140070775396e-209
3.235936569296281e7	6.166125716287684e-207
3.2734069487883795e7	1.2959960590942336e-204
3.3113112148259077e7	2.5628671343314374e-202
3.3496543915782794e7	4.77182493080026e-200
3.388441561392027e7	8.371056416428737e-198
3.427677865464505e7	1.3845583165047878e-195
3.4673685045253165e7	2.1605874689498406e-193
3.5075187395256795e7	3.183120264530214e-191
3.548133892335753e7	4.430394804743979e-189
3.58921934645005e7	5.829405196578103e-187
3.6307805477010176e7	7.25570182480968e-185
3.67282300498085e7	8.548415852495302e-183
3.715352290971728e7	9.539317673966747e-181
3.758374042884443e7	1.0088942914343673e-178
3.8018939632056125e7	1.0119027166044554e-176
3.845917820453535e7	9.630781662881811e-175
3.890451449942805e7	8.703137258037455e-173
3.935500754557773e7	7.472061448134042e-171
3.981071705534969e7	6.098332612638083e-169
4.027170343254595e7	4.7341349237697995e-167
4.07380277804113e7	3.497670013821309e-165
4.120975190973304e7	2.460779090653223e-163
4.168693834703355e7	1.6495521301596386e-161
4.2169650342858225e7	1.0541447952485097e-159
4.265795188015926e7	6.425599756467522e-158
4.31519076827765e7	3.7380218951509194e-156
4.365158322401656e7	2.0764315826587694e-154
4.415704473533121e7	1.101973518226933e-152
4.466835921509635e7	5.590232748007415e-151
4.518559443749226e7	2.7121807390400827e-149
4.570881896148752e7	1.259098077680422e-147
4.623810213992603e7	5.595930318732272e-146
4.6773514128719814e7	2.3821762749399945e-144
4.7315125896148026e7	9.718044611268916e-143
4.78630092322638e7	3.8010127416866866e-141
4.841723675840999e7	1.4260829750430603e-139
4.897788193684466e7	5.1347873024453004e-138
4.9545019080479056e7	1.7751582634391492e-136
5.011872336272725e7	5.895098268767379e-135
5.0699070827470444e7	1.8814142325587617e-133
5.128613839913648e7	5.773178038655036e-132
5.188000389289609e7	1.7040333435635319e-130
5.248074602497723e7	4.8402416676396436e-129
5.3088444423098795e7	1.323648905220703e-127
5.370317963702533e7	3.486455667285157e-126
5.432503314924336e7	8.848867320792582e-125
5.495408738576248e7	2.165049736097901e-123
5.559042572704037e7	5.108660877045424e-122
5.623413251903491e7	1.1630155579478753e-120
5.688529308438413e7	2.5555325090661226e-119
5.754399373371567e7	5.422141781410438e-118
5.82103217770871e7	1.1112915771409506e-116
5.888436553555884e7	2.201025094500686e-115
5.956621435290109e7	4.214362972946522e-114
6.025595860743581e7	7.803996387415624e-113
6.0953689724016935e7	1.3981270633567525e-111
6.165950018614822e7	2.4242927699357482e-110
6.237348354824191e7	4.070003970105111e-109
6.3095734448019296e7	6.6181497013029016e-108
6.3826348619054824e7	1.0427234406194348e-106
6.456542290346563e7	1.5923901350426508e-105
6.531305526474729e7	2.3579403507945232e-104
6.606934480075964e7	3.3866676193415714e-103
6.6834391756861486e7	4.7197657051862135e-102
6.760829753919819e7	6.384492142758419e-101
6.839116472814293e7	8.385685323522025e-100
6.918309709189363e7	1.0698024740927e-98
6.998419960022731e7	1.326069659294741e-97
7.079457843841374e7	1.5976071694247956e-96
7.161434102129027e7	1.8713549408940815e-95
7.244359600749905e7	2.1318900726928937e-94
7.328245331389044e7	2.362839849193622e-93
7.413102413009177e7	2.5485983316897388e-92
7.498942093324558e7	2.676093953094027e-91
7.585775750291836e7	2.736326107202488e-90
7.673614893618186e7	2.725417496069633e-89
7.762471166286911e7	2.645011445226305e-88
7.85235634610071e7	2.5019610853922057e-87
7.943282347242822e7	2.3073830368828006e-86
8.035261221856177e7	2.075253718530518e-85
8.128305161640996e7	1.8207898831768263e-84
8.222426499470712e7	1.5588665033659302e-83
8.317637711026709e7	1.30268797715104e-82
8.413951416451947e7	1.0628569035712917e-81
8.511380382023759e7	8.468982750237598e-81
8.609937521846016e7	6.592156888711888e-80
8.709635899560814e7	5.013950980765089e-79
8.810488730080147e7	3.727382702687678e-78
8.91250938133746e7	2.7090249717179164e-77
9.015711376059571e7	1.9253939975973156e-76
9.120108393559097e7	1.3385511441428213e-75
9.225714271547629e7	9.104769733231589e-75
9.332543007969905e7	6.06080387251152e-74
9.440608762859227e7	3.949354667838377e-73
9.549925860214369e7	2.519781164077301e-72
9.66050878989814e7	1.5745092346150188e-71
9.772372209558111e7	9.637779936870233e-71
9.88553094656939e7	5.780437609930413e-70
1.e8	3.397798964169816e-69
1.0115794542599003e8	1.9578889335431073e-68
1.0232929922807537e8	1.1061928315485254e-67
1.0351421666793452e8	6.129483874163052e-67
1.0471285480508985e8	3.331685399479283e-66
1.0592537251772897e8	1.7768333290485543e-65
1.0715193052376048e8	9.299648567045283e-65
1.0839269140212038e8	4.7776786975491094e-64
1.0964781961431828e8	2.4098512712719995e-63
1.109174815262401e8	1.1936519450080636e-62
1.1220184543019652e8	5.807237219167388e-62
1.1350108156723143e8	2.7755878933810782e-61
1.1481536214968841e8	1.3035332276017774e-60
1.1614486138403414e8	6.016695807803388e-60
1.1748975549395303e8	2.7299138860932157e-59
1.1885022274370165e8	1.2178110327080953e-58
1.2022644346174131e8	5.342383502379265e-58
1.2161860006463704e8	2.3051414476980824e-57
1.230268770812381e8	9.784748393109625e-57
1.2445146117713869e8	4.086698140048023e-56
1.2589254117941661e8	1.679757479560692e-55
1.2735030810166629e8	6.795964720117256e-55
1.2882495516931322e8	2.706852689632236e-54
1.3031667784523e8	1.0616091659491252e-53
1.31825673855641e8	4.10041573805939e-53
1.333521432163324e8	1.560019741829681e-52
1.348962882591656e8	5.847176026286859e-52
1.364583136588924e8	2.1594847893631264e-51
1.3803842646028867e8	7.859867388218439e-51
1.3963683610559362e8	2.819770172625521e-50
1.4125375446227553e8	9.972800502395358e-50
1.4288939585111007e8	3.4777323268462165e-49
1.445439770745928e8	1.1959709634963127e-48
1.4621771744567153e8	4.056576185711944e-48
1.479108388168207e8	1.3573173931264127e-47
1.4962356560944358e8	4.480778133545248e-47
1.5135612484362072e8	1.4596287499685635e-46
1.5310874616820318e8	4.692607671187258e-46
1.5488166189124796e8	1.489135161871351e-45
1.5667510701081502e8	4.665158906257698e-45
1.584893192461111e8	1.4430284361185303e-44
1.6032453906900418e8	4.407805304580272e-44
1.621810097358933e8	1.3297536765093632e-43
1.640589773199539e8	4.080371641681787e-43
1.659586907437563e8	1.2004790955418746e-42
1.678804018122559e8	3.489978563652658e-42
1.698243652461746e8	1.005387641226998e-41
1.717908387157586e8	2.855078675873523e-41
1.7378008287493762e8	8.015121998880106e-41
1.7579236139586967e8	2.224673748632597e-40
1.7782794100389227e8	6.102309047021602e-40
1.798870915128791e8	1.6572955246403893e-39
1.8197008586099824e8	4.446487727851976e-39
1.8407720014689583e8	1.1801081971792549e-38
1.8620871366628656e8	3.0986151061216247e-38
1.883649089489802e8	8.050212486540293e-38
1.9054607179632443e8	2.0684278766821174e-37
1.9275249131909367e8	5.270501854787782e-37
1.9498445997580415e8	1.3265226845079752e-36
1.9724227361148533e8	3.305067581814685e-36
1.9952623149688828e8	8.152652122321642e-36
2.0183663636815596e8	1.9930190852105293e-35
2.0417379446695316e8	4.817469500535804e-35
2.065380155810527e8	1.1532638019537227e-34
2.089296130854041e8	2.7345624738564304e-34
2.1134890398366433e8	6.423085003782133e-34
2.1379620895022324e8	1.4970174885415284e-33
2.1627185237270245e8	3.451374414898466e-33
2.187761623949552e8	7.880393632508423e-33
2.213094709605641e8	1.7831442245267818e-32
2.238721138568338e8	4.0017771302318536e-32
2.264644307593062e8	8.895763629445366e-32
2.29086765276777e8	1.9603240841744473e-31
2.3173946499684796e8	4.282660204748885e-31
2.3442288153199276e8	9.28303482923324e-31
2.3713737056616554e8	1.9928481013275264e-30
2.3988329190194947e8	4.24271773814099e-30
2.4266100950824144e8	8.958612076852047e-30
2.4547089156850335e8	1.8772919345188594e-29
2.4831331052955678e8	3.9000953252718584e-29
2.511886431509582e8	8.03414761801046e-29
2.5409727055493012e8	1.642073570178482e-28
2.5703957827688646e8	3.33321120315157e-28
2.6001595631652668e8	6.708096759866422e-28
2.6302679918953815e8	1.3397948895652208e-27
2.660725059798814e8	2.656794816291863e-27
2.691534803926914e8	5.224746806264545e-27
2.7227013080779153e8	1.0199717864744218e-26
2.7542287033381635e8	1.978127851753077e-26
2.786121168629772e8	3.806361131290935e-26
2.8183829312644494e8	7.27256581036083e-26
2.8510182675039095e8	1.3801022054520284e-25
2.884031503126612e8	2.598919796132985e-25
2.9174270140011656e8	4.863118754663136e-25
2.9512092266663903e8	9.034018232467186e-25
2.985382618917957e8	1.6670209572271886e-24
3.019951720402019e8	3.056441188317001e-24
3.054921113215509e8	5.56568985002126e-24
3.090295432513592e8	1.0068459450283293e-23
3.126079367123962e8	1.8091823154477688e-23
3.1622776601683795e8	3.230858228634721e-23
3.1988951096914035e8	5.732963476727292e-23
3.235936569296281e8	1.0112391656378655e-22
3.273406948788386e8	1.772275909814822e-22
3.311311214825908e8	3.086285894604694e-22
3.349654391578279e8	5.342809090678406e-22
3.3884415613920206e8	9.193984496322766e-22
3.427677865464505e8	1.5728338031772875e-21
3.46736850452531e8	2.675442642514614e-21
3.5075187395256793e8	4.5242995587231854e-21
3.5481338923357606e8	7.604537167237449e-21
3.58921934645005e8	1.2710739597877344e-20
3.630780547701018e8	2.1128881427197538e-20
3.6728230049808425e8	3.4931435644600484e-20
3.715352290971728e8	5.74403219461699e-20
3.7583740428844357e8	9.393954863042175e-20
3.8018939632056123e8	1.5276506104160715e-19
3.845917820453543e8	2.4713853357201273e-19
3.8904514499428046e8	3.9776158874200584e-19
3.9355007545577806e8	6.369362398606351e-19
3.981071705534969e8	1.0148090220647747e-18
4.027170343254595e8	1.6086246609400521e-18
4.073802778041122e8	2.5364632756125646e-18
4.120975190973304e8	3.980092294802239e-18
4.168693834703364e8	6.215439642739015e-18
4.2169650342858225e8	9.66023933620216e-18
4.265795188015934e8	1.494390744979876e-17
4.31519076827765e8	2.3007365398770904e-17
4.3651583224016654e8	3.5246901930130194e-17
4.415704473533121e8	5.3753454772094866e-17
4.466835921509635e8	8.16103307844652e-17
4.518559443749217e8	1.2335562517941845e-16
4.570881896148752e8	1.856390502055958e-16
4.623810213992594e8	2.7812974614850175e-16
4.677351412871981e8	4.147746581212972e-16
4.731512589614813e8	6.159434943016526e-16
4.7863009232263803e8	9.108650983418276e-16
4.841723675840999e8	1.3414429643032978e-15
4.8977881936844563e8	1.967503625005736e-15
4.9545019080479056e8	2.8738836019912997e-15
5.011872336272715e8	4.179555603081182e-15
5.0699070827470446e8	6.054527195186533e-15
5.1286138399136585e8	8.73653066074477e-15
5.188000389289609e8	1.2558150178547526e-14
5.248074602497734e8	1.7982881684451638e-14
5.308844442309879e8	2.5653850670121162e-14
5.370317963702532e8	3.644646330237927e-14
5.432503314924325e8	5.1590082416982057e-14
5.495408738576248e8	7.276179345471598e-14
5.559042572704048e8	1.0225512090962804e-13
5.623413251903491e8	1.431954445098075e-13
5.688529308438425e8	1.9982672942856485e-13
5.754399373371567e8	2.778112630983327e-13
5.821032177708721e8	3.848796691301189e-13
5.888436553555884e8	5.314201794253341e-13
5.956621435290109e8	7.313177945960608e-13
6.025595860743569e8	1.0031044717981256e-12
6.095368972401694e8	1.3714337419252542e-12
6.16595001861481e8	1.8688356759358214e-12
6.237348354824191e8	2.5379277112837854e-12
6.309573444801943e8	3.4358226234095975e-12
6.382634861905483e8	4.6370475167199185e-12
6.456542290346563e8	6.239179316010953e-12
6.531305526474717e8	8.369588344048355e-12
6.606934480075965e8	1.1194039776628372e-11
6.683439175686135e8	1.4926000813443923e-11
6.760829753919818e8	1.9840764925129797e-11
6.839116472814307e8	2.6298450439059358e-11
6.918309709189363e8	3.4759480261771355e-11
6.998419960022745e8	4.5814412355569236e-11
7.079457843841373e8	6.02186294153849e-11
7.161434102129027e8	7.89357013833142e-11
7.244359600749891e8	1.0319144525289696e-10
7.328245331389045e8	1.3451467640308242e-10
7.413102413009192e8	1.748786592570628e-10
7.498942093324559e8	2.2676533593019514e-10
7.585775750291852e8	2.9329320312462236e-10
7.673614893618186e8	3.7837754276318907e-10
7.762471166286927e8	4.869216123354694e-10
7.852356346100711e8	6.250506171663125e-10
7.943282347242821e8	8.003973218616357e-10
8.03526122185616e8	1.0224495772846426e-9
8.128305161640995e8	1.3027501498046515e-9
8.222426499470695e8	1.6559728469620155e-9
8.317637711026709e8	2.1000464822480263e-9
8.413951416451964e8	2.657043830220957e-9
8.511380382023759e8	3.3540766738280578e-9
8.609937521846017e8	4.224367761144404e-9
8.709635899560796e8	5.308535568956558e-9
8.810488730080147e8	6.656127455983046e-9
8.912509381337441e8	8.327444661393805e-9
9.01571137605957e8	1.0395710717639962e-8
9.120108393559115e8	1.2949644266108823e-8
9.225714271547629e8	1.6096496184227734e-8
9.332543007969924e8	1.9964157927563162e-8
9.440608762859226e8	2.4708857820817635e-8
9.549925860214369e8	3.051770600509988e-8
9.660508789898121e8	3.761459084891592e-8
9.772372209558111e8	4.6267234661431076e-8
9.88553094656941e8	5.67950968334531e-8
1.e9	6.957855541361178e-8
1.0115794542598962e9	8.506957323636325e-8
1.0232929922807536e9	1.0380403606901597e-7
1.0351421666793451e9	1.2641601758275848e-7
1.0471285480508986e9	1.5365420233999932e-7
1.0592537251772897e9	1.864007890420833e-7
1.0715193052376093e9	2.256931693486273e-7
1.083926914021204e9	2.7274873999412756e-7
1.0964781961431828e9	3.289932594255276e-7
1.1091748152624009e9	3.9609314708831433e-7
1.1220184543019652e9	4.75992240478343e-7
1.1350108156723144e9	5.7095349786988e-7
1.148153621496884e9	6.836062284120125e-7
1.1614486138403413e9	8.169994706538383e-7
1.1748975549395304e9	9.746622202860105e-7
1.1885022274370165e9	1.1606711962741317e-6
1.202264434617413e9	1.3797270002745808e-6
1.2161860006463704e9	1.6372395470324348e-6
1.230268770812381e9	1.939423634158307e-6
1.2445146117713869e9	2.293405801753364e-6
1.258925411794166e9	2.7073435153342984e-6
1.2735030810166628e9	3.1905578671500093e-6
1.2882495516931322e9	3.7536812454792553e-6
1.3031667784523e9	4.408821168864964e-6
1.31825673855641e9	5.169742052849631e-6
1.333521432163324e9	6.052066488982507e-6
1.3489628825916505e9	7.073497821988286e-6
1.364583136588924e9	8.254066099890787e-6
1.3803842646028867e9	9.616399576936325e-6
1.3963683610559363e9	0.000011186024017417974
1.4125375446227555e9	0.000012991692644966407
1.4288939585111065e9	0.000015065749306058511
1.445439770745928e9	0.00001744452824806761
1.4621771744567153e9	0.000020168793877352868
1.4791083881682072e9	0.000023284224321688963
1.496235656094436e9	0.00002684194297218406
1.513561248436207e9	0.00003089910325435303
1.5310874616820319e9	0.00003551953083461026
1.5488166189124796e9	0.00004077442988617537
1.5667510701081502e9	0.0000467431597892691
1.5848931924611108e9	0.000053514089617267244
1.6032453906900418e9	0.00006118553739974625
1.6218100973589332e9	0.00006986653938985473
1.6405897731995387e9	0.0000796771164624473
1.6595869074375632e9	0.00009075330670408551
1.6788040181225588e9	0.00010324461485317548
1.698243652461746e9	0.00011731682515026753
1.7179083871575859e9	0.00013315368392392916
1.7378008287493763e9	0.0001509587558989317
1.7579236139586966e9	0.00017095747446274645
1.7782794100389228e9	0.0001933994069379994
1.7988709151287837e9	0.00021856075722099272
1.8197008586099825e9	0.00024674713419680386
1.8407720014689581e9	0.00027829661028870036
1.8620871366628656e9	0.00031358310872193004
1.8836490894898021e9	0.0003530201460953702
1.905460717963252e9	0.00039706497750391893
1.9275249131909366e9	0.000446223177983334
1.9498445997580414e9	0.0005010537148511472
1.9724227361148534e9	0.0005621745576703452
1.9952623149688828e9	0.0006302688805140635
2.0183663636815596e9	0.0007060919217162881
2.0417379446695316e9	0.0007904785681339352
2.065380155810527e9	0.0008843517256654211
2.0892961308540409e9	0.0009887315764104895
2.1134890398366432e9	0.0011047457974968954
2.1379620895022326e9	0.0012336408254326236
2.1627185237270246e9	0.0013767942819590073
2.187761623949552e9	0.0015357286770700154
2.213094709605641e9	0.0017121264986847357
2.238721138568338e9	0.0019078468209244397
2.264644307593062e9	0.0021249435677255244
2.29086765276777e9	0.0023656855992913043
2.3173946499684796e9	0.002632578770996836
2.3442288153199277e9	0.0029283901702032876
2.3713737056616554e9	0.0032561746713296973
2.398832919019485e9	0.003619303756314135
2.426610095082414e9	0.0040214987088507586
2.454708915685034e9	0.004466863741195933
2.483133105295568e9	0.004959925498045268
2.511886431509582e9	0.0055056723595905965
2.5409727055493116e9	0.006109605182773438
2.5703957827688646e9	0.006777782527896327
2.600159563165267e9	0.007516876715012163
2.6302679918953815e9	0.008334232259949781
2.660725059798814e9	0.00923792908640802
2.6915348039269137e9	0.010236584394355187
2.7227013080779157e9	0.011340114137058793
2.7542287033381634e9	0.012559276450339203
2.786121168629772e9	0.013905845290152152
2.818382931264449e9	0.015392742687724014
2.8510182675039096e9	0.017034154933150594
2.8840315031266117e9	0.01884563753237903
2.917427014001166e9	0.020844242255507732
2.95120922666639e9	0.02304865436015905
2.9853826189179573e9	0.02547933132644951
3.019951720402019e9	0.028158672227670926
3.0549211132155094e9	0.03111118702862637
3.0902954325135922e9	0.03436367298443473
3.126079367123962e9	0.03794542406548412
3.1622776601683793e9	0.04188844210290524
3.1988951096913905e9	0.04622766416347339
3.235936569296281e9	0.051001235572940784
3.2734069487883863e9	0.05625076970054617
3.3113112148259077e9	0.06201866577913425
3.3496543915782795e9	0.0683548965413195
3.3884415613920345e9	0.07531449053574858
3.4276778654645047e9	0.08295587922332992
3.4673685045253096e9	0.09134266204660207
3.5075187395256796e9	0.10054402643300417
3.5481338923357606e9	0.11063518685076566
3.58921934645005e9	0.12169788484423186
3.6307805477010174e9	0.1338209274358264
3.6728230049808426e9	0.14710073748168556
3.715352290971728e9	0.1616419596280097
3.7583740428844357e9	0.17755816658490928
3.8018939632056127e9	0.19496610031078118
3.845917820453543e9	0.21398951389459603
3.890451449942805e9	0.2347844088957219
3.9355007545577803e9	0.25750681277163945
3.9810717055349693e9	0.28232564624172307
4.027170343254595e9	0.3094237123067679
4.073802778041122e9	0.33899882891903216
4.1209751909733043e9	0.37126496029033146
4.1686938347033634e9	0.40645342660182454
4.2169650342858224e9	0.44481422693656814
4.265795188015917e9	0.4866128859553984
4.31519076827765e9	0.5320846771884095
4.365158322401666e9	0.5815926584243687
4.415704473533121e9	0.6354750711739663
4.466835921509635e9	0.6940969314511571
4.518559443749235e9	0.7578519669919045
4.570881896148752e9	0.8271647253314911
4.623810213992594e9	0.902492855705321
4.677351412871982e9	0.9843295997701423
4.731512589614813e9	1.0732064146011644
4.78630092322638e9	1.169540992806254
4.841723675840999e9	1.2740693461844117
4.897788193684457e9	1.3874566040995382
4.954501908047905e9	1.5104129376950168
5.011872336272715e9	1.6437024007146863
5.069907082747045e9	1.7881468379625307
5.128613839913659e9	1.9446300479263416
5.18800038928961e9	2.1141022831023313
5.248074602497734e9	2.2973912673307084
5.308844442309879e9	2.495596223952888
5.370317963702533e9	2.710023480821915
5.432503314924325e9	2.94193226960446
5.495408738576248e9	3.192674902710736
5.559042572704048e9	3.463703485068191
5.623413251903491e9	3.756576780793994
5.688529308438401e9	4.072967742046755
5.754399373371567e9	4.414205894150324
5.821032177708722e9	4.782366968445292
5.888436553555884e9	5.17970744009153
5.95662143529011e9	5.608428920440568
6.025595860743593e9	6.070891924721618
6.095368972401693e9	6.56962693900978
6.16595001861481e9	7.107346155718776
6.237348354824191e9	7.686766227773568
6.309573444801943e9	8.310031120558383
6.382634861905482e9	8.981426133029139
6.456542290346562e9	9.704502211165233
6.531305526474716e9	10.483062060645764
6.606934480075964e9	11.321177392296287
6.683439175686135e9	12.223207533172577
6.760829753919819e9	13.193819131421968
6.839116472814306e9	14.235879470236956
6.918309709189363e9	15.356303718487455
6.998419960022745e9	16.56097455245168
7.079457843841373e9	17.855969779808856
7.161434102129027e9	19.247790555086677
7.244359600749891e9	20.743390643173157
7.328245331389045e9	22.350206500600013
7.413102413009192e9	24.07264565607064
7.498942093324558e9	25.921710193096715
7.585775750291821e9	27.90687878110551
7.673614893618186e9	30.037799525568573
7.762471166286927e9	32.324783535820536
7.85235634610071e9	34.7788497354032
7.943282347242822e9	37.41161006903194
8.035261221856194e9	40.229150481891736
8.128305161640995e9	43.250588565907364
8.2224264994706955e9	46.49017932764381
8.317637711026709e9	49.96314685024361
8.413951416451964e9	53.68574858923909
8.511380382023759e9	57.675344816089755
8.609937521846016e9	61.947167572599774
8.709635899560797e9	66.51606181684484
8.810488730080147e9	71.40980606360415
8.91250938133744e9	76.65079162635357
9.01571137605957e9	82.26291562346981
9.120108393559114e9	88.27168032889617
9.225714271547628e9	94.70429901698209
9.332543007969925e9	101.57737405820086
9.440608762859226e9	108.92731360342385
9.549925860214369e9	116.79158500311156
9.66050878989812e9	125.20519465459155
9.772372209558111e9	134.2054803715381
9.88553094656941e9	143.83226425262708
1.e10	154.12238117760302
1.0115794542598963e10	165.1037136603365
1.0232929922807537e10	176.84377971722523
1.0351421666793451e10	189.39370173691356
1.0471285480508986e10	202.8079818273812
1.0592537251772898e10	217.14472060369317
1.0715193052376093e10	232.4658518302239
1.0839269140212038e10	248.80361420387536
1.096478196143183e10	266.2481415558926
1.1091748152624008e10	284.8822984624706
1.1220184543019653e10	304.7854243484046
1.1350108156723143e10	326.04206121664197
1.1481536214968842e10	348.7422906523725
1.1614486138403414e10	372.9541877504719
1.1748975549395304e10	398.7657104013995
1.1885022274370165e10	426.31904172603504
1.2022644346174131e10	455.7293947201464
1.2161860006463703e10	487.1194898016871
1.2302687708123812e10	520.6200386605299
1.244514611771387e10	556.357195405354
1.2589254117941662e10	594.402723432192
1.273503081016663e10	634.9910302615787
1.2882495516931322e10	678.2890494741284
1.3031667784523e10	724.4745295609354
1.31825673855641e10	773.73672777533
1.333521432163324e10	826.2771494472796
1.3489628825916506e10	882.1765828957438
1.3645831365889238e10	941.7619979111824
1.3803842646028866e10	1005.2909563844373
1.3963683610559362e10	1073.0203988044118
1.4125375446227554e10	1145.2238158087423
1.4288939585111067e10	1222.192306878146
1.445439770745928e10	1304.0849903738467
1.4621771744567154e10	1391.2869034051355
1.4791083881682072e10	1484.214295130465
1.4962356560944359e10	1583.237905177121
1.5135612484362072e10	1688.7522408710254
1.5310874616820318e10	1801.1770909528611
1.5488166189124796e10	1920.7948282763816
1.5667510701081501e10	2048.05138171813
1.5848931924611109e10	2183.602467331173
1.6032453906900417e10	2327.9821417497974
1.621810097358933e10	2481.7585507333165
1.6405897731995388e10	2645.5360930225615
1.6595869074375631e10	2819.786627997683
1.678804018122559e10	3005.016669427925
1.698243652461746e10	3202.2392306924003
1.717908387157586e10	3412.2224654429224
1.7378008287493763e10	3635.7833628833414
1.7579236139586967e10	3873.7908376302294
1.778279410038923e10	4127.002948938661
1.7988709151287838e10	4395.981671296065
1.8197008586099827e10	4682.268197453387
1.8407720014689583e10	4986.965856942378
1.8620871366628654e10	5311.24786407058
1.883649089489802e10	5656.361731125388
1.9054607179632523e10	6023.491842113363
1.9275249131909367e10	6413.243481824288
1.9498445997580414e10	6827.932633924074
1.9724227361148533e10	7269.142036541522
1.9952623149688828e10	7738.554337433899
2.0183663636815598e10	8237.958379871305
2.0417379446695316e10	8769.166578530485
2.065380155810527e10	9332.80555608373
2.089296130854041e10	9932.32051274155
2.1134890398366432e10	10569.97923348505
2.1379620895022324e10	11248.19220713194
2.1627185237270245e10	11969.521583748241
2.1877616239495518e10	12736.690693765915
2.2130947096056408e10	13550.330036375557
2.2387211385683376e10	14415.503894166299
2.264644307593062e10	15335.464021051821
2.29086765276777e10	16313.659919814878
2.3173946499684795e10	17353.757510120475
2.3442288153199276e10	18459.652685973582
2.3713737056616554e10	19632.377412750648
2.398832919019485e10	20878.889930884616
2.4266100950824142e10	22203.993204463488
2.4547089156850334e10	23612.618831192114
2.4831331052955677e10	25110.00700905743
2.511886431509582e10	26701.72582696825
2.540972705549312e10	28389.389489888148
2.570395782768865e10	30182.62804404034
2.6001595631652668e10	32088.474375936312
2.6302679918953815e10	34113.97272691676
2.660725059798814e10	36266.607088529185
2.691534803926914e10	38554.32863968988
2.7227013080779156e10	40979.5834707997
2.7542287033381634e10	43555.79184713061
2.786121168629772e10	46293.177593918714
2.8183829312644493e10	49201.794436849326
2.8510182675039097e10	52292.322338116304
2.8840315031266117e10	55576.10650011948
2.9174270140011658e10	59056.76659130081
2.9512092266663902e10	62753.12539966401
2.9853826189179573e10	66679.954947109
3.019951720402019e10	70851.59334342921
3.054921113215509e10	75283.26996755989
3.090295432513592e10	79991.16088623516
3.126079367123962e10	84980.52303139071
3.1622776601683792e10	90277.9107009945
3.1988951096913906e10	95904.55666969727
3.235936569296281e10	101880.89486103087
3.273406948788386e10	108228.62696082966
3.3113112148259075e10	114970.80113987646
3.3496543915782795e10	122114.93557174457
3.388441561392034e10	129698.68537924592
3.4276778654645046e10	137752.43382346007
3.46736850452531e10	146305.2832998303
3.50751873952568e10	155388.13855952368
3.5481338923357605e10	165033.81846062405
3.5892193464500496e10	175252.93500226832
3.630780547701018e10	186099.12366861154
3.6728230049808426e10	197615.69438053117
3.715352290971728e10	209844.07027610214
3.758374042884435e10	222828.235664243
3.801893963205613e10	236614.89464231484
3.845917820453543e10	251218.85421359766
3.890451449942805e10	266716.8020634604
3.9355007545577805e10	283170.26799062476
3.981071705534969e10	300638.17901582335
4.027170343254595e10	319183.1000291317
4.073802778041122e10	338871.45876780915
4.120975190973304e10	359723.6995527383
4.168693834703364e10	381849.8153237333
4.216965034285822e10	405336.9653043821
4.2657951880159164e10	430268.93345786113
4.3151907682776505e10	456734.66882737225
4.3651583224016655e10	484828.60464442073
4.415704473533121e10	514578.69176637445
4.466835921509635e10	546143.0966992816
4.5185594437492355e10	579644.9669176561
4.570881896148752e10	615203.3714664595
4.623810213992594e10	652944.7100647955
4.677351412871981e10	693003.1654872544
4.7315125896148125e10	735416.587078151
4.78630092322638e10	780412.875981211
4.841723675840999e10	828165.6332455731
4.897788193684457e10	878843.9977259733
4.954501908047906e10	932627.5088652425
5.011872336272715e10	989706.7478658607
5.069907082747044e10	1.0501324778789014e6
5.128613839913659e10	1.1142335972203803e6
5.1880003892896095e10	1.1822543385240017e6
5.248074602497734e10	1.2544348660090272e6
5.308844442309879e10	1.3310300951630105e6
5.370317963702533e10	1.4123106013133354e6
5.432503314924325e10	1.4983437915013256e6
5.495408738576248e10	1.589604880660378e6
5.559042572704048e10	1.6864368516821247e6
5.6234132519034904e10	1.789180588571727e6
5.688529308438402e10	1.8981978907919324e6
5.754399373371567e10	2.0138727606755905e6
5.821032177708722e10	2.1362937513453737e6
5.888436553555884e10	2.2661480711125256e6
5.956621435290109e10	2.4039165979946875e6
6.0255958607435936e10	2.550083004307397e6
6.095368972401694e10	2.7051606099160234e6
6.1659500186148094e10	2.8696942034760825e6
6.237348354824191e10	3.0437987398358327e6
6.3095734448019424e10	3.2284685677359537e6
6.3826348619054825e10	3.4243769082174622e6
6.456542290346562e10	3.6322098009322286e6
6.531305526474716e10	3.8526952991403383e6
6.606934480075964e10	4.086606050481823e6
6.683439175686135e10	4.334089241674298e6
6.760829753919819e10	4.596584150528657e6
6.839116472814307e10	4.875032010586192e6
6.918309709189363e10	5.170405604291049e6
6.998419960022745e10	5.483737236458494e6
7.079457843841373e10	5.81612238861639e6
7.161434102129027e10	6.167746435245427e6
7.244359600749892e10	6.540693026460019e6
7.328245331389044e10	6.936276468749943e6
7.413102413009192e10	7.355875737118035e6
7.498942093324559e10	7.800954118404137e6
7.58577575029182e10	8.273055763952481e6
7.673614893618185e10	8.772435244181784e6
7.762471166286928e10	9.302083294464273e6
7.85235634610071e10	9.863841681354197e6
7.943282347242822e10	1.0459664670803504e7
8.035261221856194e10	1.1091625924128301e7
8.128305161640996e10	1.1761870272182385e7
8.222426499470695e10	1.247083898295822e7
8.317637711026709e10	1.3222732354495356e7
8.413951416451965e10	1.4020159959396375e7
8.51138038202376e10	1.4865890654836552e7
8.609937521846016e10	1.5762862347992668e7
8.709635899560797e10	1.6714050528405622e7
8.810488730080147e10	1.772019826089925e7
8.91250938133744e10	1.8787200649600875e7
9.01571137605957e10	1.991875430198825e7
9.120108393559116e10	2.1118781322818294e7
9.225714271547629e10	2.2391443130412985e7
9.332543007969925e10	2.3740862649635315e7
9.440608762859225e10	2.5168264066280488e7
9.549925860214369e10	2.6681916048272237e7
9.660508789898122e10	2.8287053927118234e7
9.772372209558112e10	2.998923219257484e7
9.88553094656941e10	3.1794344048554197e7
1.e11	3.370809570312602e7
1.0115794542598962e11	3.573246971743688e7
1.0232929922807536e11	3.787905732989327e7
1.0351421666793452e11	4.015527157843739e7
1.0471285480508984e11	4.2568977178379774e7
1.0592537251772897e11	4.5128518170816705e7
1.0715193052376093e11	4.784178303993205e7
1.0839269140212039e11	5.0711938437348746e7
1.0964781961431828e11	5.375522456036989e7
1.1091748152624008e11	5.698213603357128e7
1.1220184543019653e11	6.040380657654797e7
1.1350108156723143e11	6.403204812781444e7
1.148153621496884e11	6.787775383272769e7
1.1614486138403462e11	7.194592433598652e7
1.1748975549395303e11	7.625930195844877e7
1.1885022274370164e11	8.08327413318681e7
1.2022644346174132e11	8.568200129362588e7
1.2161860006463704e11	9.082380018513095e7
1.2302687708123811e11	9.627316338236478e7
1.2445146117713818e11	1.0203791238520643e8
1.2589254117941661e11	1.0814987984953137e8
1.2735030810166629e11	1.1463008834920597e8
1.2882495516931323e11	1.2150083954064041e8
1.3031667784523e11	1.2878579236080934e8
1.31825673855641e11	1.3650564874940807e8
1.333521432163324e11	1.4467254333011362e8
1.3489628825916505e11	1.5333101262477374e8
1.3645831365889238e11	1.625108037106112e8
1.3803842646028867e11	1.7224347282051876e8
1.3963683610559363e11	1.8256249590924233e8
1.4125375446227554e11	1.9349636376944935e8
1.4288939585111066e11	2.0506377119739997e8
1.445439770745928e11	2.17327002003943e8
1.4621771744567154e11	2.3032814253804642e8
1.479108388168207e11	2.4411183776007372e8
1.4962356560944357e11	2.587254475660793e8
1.5135612484362073e11	2.7420813690101135e8
1.531087461682032e11	2.90588532419551e8
1.548816618912486e11	3.079537018724854e8
1.56675107010815e11	3.2636318144489986e8
1.5848931924611108e11	3.458801254779674e8
1.6032453906900418e11	3.665715274729765e8
1.621810097358933e11	3.88491162249403e8
1.640589773199539e11	4.116826309536559e8
1.659586907437556e11	4.3626759989222264e8
1.678804018122559e11	4.6233027969408566e8
1.698243652461746e11	4.89959997109198e8
1.7179083871575858e11	5.1925150735975593e8
1.7378008287493762e11	5.502785555706749e8
1.7579236139586966e11	5.831072371037724e8
1.7782794100389227e11	6.179075017043103e8
1.7988709151287836e11	6.547984473475038e8
1.8197008586099826e11	6.939064052122049e8
1.840772001468958e11	7.353653812460911e8
1.8620871366628656e11	7.792763806344469e8
1.883649089489802e11	8.257391768883698e8
1.9054607179632523e11	8.749910787331531e8
1.9275249131909366e11	9.272005066410215e8
1.9498445997580414e11	9.825461068441474e8
1.9724227361148535e11	1.0412173754395102e9
1.9952623149688828e11	1.1033524737769597e9
2.0183663636815598e11	1.1691014469235156e9
2.0417379446695316e11	1.2387955438271143e9
2.0653801558105356e11	1.3126729099986181e9
2.0892961308540408e11	1.3909861462687762e9
2.1134890398366434e11	1.474003190787234e9
2.1379620895022324e11	1.561912771531551e9
2.1627185237270245e11	1.6549397688384223e9
2.1877616239495517e11	1.7535464001396027e9
2.213094709605632e11	1.858069370913672e9
2.238721138568347e11	1.9688658196833456e9
2.2646443075930618e11	2.0863145642435288e9
2.29086765276777e11	2.2106730375329247e9
2.3173946499684796e11	2.342277243780746e9
2.3442288153199274e11	2.4817719358491273e9
2.3713737056616553e11	2.6296331283728323e9
2.398832919019485e11	2.7863657154968834e9
2.4266100950824142e11	2.952505232046724e9
2.4547089156850336e11	3.128402293844435e9
2.483133105295568e11	3.314557546465861e9
2.5118864315095822e11	3.5118700707865043e9
2.5409727055493115e11	3.721012772738384e9
2.5703957827688647e11	3.9426993746353455e9
2.6001595631652667e11	4.1776869044092655e9
2.6302679918953815e11	4.426452120920789e9
2.660725059798814e11	4.68973908209681e9
2.691534803926914e11	4.968801112671624e9
2.7227013080779156e11	5.264589379430475e9
2.7542287033381744e11	5.578112732406197e9
2.7861211686297723e11	5.910441222262519e9
2.8183829312644495e11	6.262222022304401e9
2.85101826750391e11	6.634558367610837e9
2.8840315031266113e11	7.029196846283226e9
2.917427014001166e11	7.44748185882151e9
2.951209226666378e11	7.89083932122348e9
2.9853826189179694e11	8.360781634903258e9
3.019951720402019e11	8.858185681032925e9
3.054921113215509e11	9.38468375519709e9
3.090295432513592e11	9.9427090714702e9
3.1260793671239624e11	1.05341617117834e10
3.1622776601683795e11	1.1161056946360308e10
3.1988951096913904e11	1.1825532255666996e10
3.235936569296281e11	1.2528773402166218e10
3.273406948788386e11	1.3273190686785297e10
3.3113112148259076e11	1.4062172816397879e10
3.3496543915782794e11	1.4898405071053274e10
3.388441561392034e11	1.5784735493698025e10
3.4276778654645044e11	1.6724184811055254e10
3.4673685045253094e11	1.7718353020207836e10
3.5075187395256793e11	1.877079275644743e10
3.5481338923357605e11	1.9886221955037075e10
3.58921934645005e11	2.1068435357722893e10
3.6307805477010175e11	2.2321457682401714e10
3.6728230049808575e11	2.3649557639191948e10
3.715352290971728e11	2.505488910963075e10
3.7583740428844354e11	2.6542679607180943e10
3.801893963205613e11	2.8119495635705074e10
3.845917820453543e11	2.9790699504769787e10
3.8904514499428046e11	3.1561978455561413e10
3.935500754557764e11	3.3439364461923985e10
3.9810717055349854e11	3.542574959157368e10
4.027170343254595e11	3.752881377145104e10
4.073802778041122e11	3.9757693511150696e10
4.120975190973304e11	4.211996586013862e10
4.1686938347033636e11	4.462366694326987e10
4.216965034285823e11	4.727731993358215e10
4.265795188015917e11	5.0084797099916466e10
4.31519076827765e11	5.305736480005213e10
4.3651583224016656e11	5.620773139515603e10
4.415704473533121e11	5.95466029133122e10
4.466835921509635e11	6.308533395745922e10
4.518559443749235e11	6.683596722146671e10
4.570881896148752e11	7.080367114138348e10
4.623810213992594e11	7.500495085520804e10
4.677351412871981e11	7.946679054500279e10
4.7315125896148126e11	8.418579105084717e10
4.78630092322638e11	8.918483128870059e10
4.841723675840999e11	9.448052069397195e10
4.8977881936844763e11	1.0009045340143164e11
4.954501908047905e11	1.0603326660369391e11
5.011872336272715e11	1.1232870236748593e11
5.0699070827470447e11	1.1899767311234625e11
5.1286138399136584e11	1.260623309687418e11
5.1880003892896094e11	1.3354614124563487e11
5.2480746024977124e11	1.4147396025058026e11
5.308844442309901e11	1.4987211772035132e11
5.3703179637025323e11	1.5876850413523502e11
5.432503314924325e11	1.681926632061529e11
5.495408738576248e11	1.781758898411051e11
5.559042572704049e11	1.887513339153667e11
5.623413251903491e11	1.999541101893958e11
5.688529308438401e11	2.1182141473830203e11
5.754399373371566e11	2.243926482790236e11
5.821032177708722e11	2.3770954680314777e11
5.888436553555884e11	2.5181631994846887e11
5.95662143529011e11	2.6675979756790707e11
6.025595860743594e11	2.8258958498042126e11
6.095368972401693e11	2.993582274192474e11
6.16595001861481e11	3.1712138422131805e11
6.237348354824192e11	3.359380133348389e11
6.309573444801943e11	3.558705667577444e11
6.382634861905482e11	3.7698519755071454e11
6.456542290346562e11	3.993519791151395e11
6.531305526474742e11	4.230451374585313e11
6.606934480075964e11	4.481432972188305e11
6.683439175686135e11	4.747297422595941e11
6.760829753919819e11	5.0289269170410675e11
6.839116472814307e11	5.327255923178212e11
6.918309709189363e11	5.643274282081774e11
6.998419960022716e11	5.978030488712639e11
7.079457843841403e11	6.332635166668248e11
7.161434102129027e11	6.708264748743816e11
7.244359600749891e11	7.106165375505533e11
7.328245331389044e11	7.527657024769689e11
7.413102413009192e11	7.974137885647631e11
7.498942093324558e11	8.447088991691538e11
7.58577575029182e11	8.948079128433188e11
7.673614893618186e11	9.478770031576304e11
7.762471166286927e11	1.0040921893077657e12
7.85235634610071e11	1.0636399193335168e12
7.943282347242821e11	1.126717687878358e12
8.035261221856194e11	1.1935346905353696e12
8.128305161640995e11	1.2643125169503345e12
8.222426499470696e11	1.3392858849706423e12
8.317637711026709e11	1.418703418274108e12
8.413951416451964e11	1.5028284700524114e12
8.511380382023759e11	1.5919399954795535e12
8.609937521846017e11	1.6863334758409482e12
8.709635899560833e11	1.7863218974019358e12
8.810488730080146e11	1.8922367882441584e12
8.91250938133744e11	2.0044293165023586e12
9.01571137605957e11	2.1232714536375767e12
9.120108393559115e11	2.249157206617225e12
9.225714271547628e11	2.382503923039206e12
9.332543007969886e11	2.523753673572361e12
9.440608762859265e11	2.6733747162472803e12
9.549925860214369e11	2.831863047462519e12
9.660508789898121e11	2.999744044853672e12
9.772372209558112e11	3.177574207435592e12
9.885530946569412e11	3.3659429988031074e12
1.e12	3.5654747994691665e12
