1.e7	0.
1.0115794542598983e7	0.
1.0232929922807537e7	0.
1.035142166679343e7	0.
1.0471285480508985e7	0.
1.0592537251772897e7	0.
1.0715193052376071e7	0.
1.0839269140212039e7	0.
1.0964781961431852e7	0.
1.109174815262401e7	0.
1.122018454301963e7	0.
1.1350108156723144e7	0.
1.1481536214968817e7	0.
1.1614486138403438e7	0.
1.1748975549395302e7	0.
1.188502227437019e7	0.
1.202264434617413e7	0.
1.2161860006463679e7	0.
1.230268770812381e7	0.
1.2445146117713844e7	0.
1.2589254117941663e7	0.
1.2735030810166629e7	0.
1.288249551693135e7	0.
1.3031667784523001e7	0.
1.3182567385564074e7	0.
1.333521432163324e7	0.
1.3489628825916532e7	0.
1.3645831365889238e7	0.
1.3803842646028839e7	0.
1.3963683610559363e7	0.
1.4125375446227554e7	0.
1.4288939585111037e7	0.
1.445439770745928e7	0.
1.4621771744567184e7	0.
1.4791083881682072e7	0.
1.4962356560944328e7	0.
1.5135612484362071e7	0.
1.5310874616820287e7	0.
1.5488166189124828e7	0.
1.5667510701081501e7	0.
1.5848931924611142e7	0.
1.6032453906900417e7	0.
1.62181009735893e7	0.
1.6405897731995387e7	0.
1.6595869074375596e7	0.
1.678804018122559e7	0.
1.698243652461746e7	0.
1.7179083871575896e7	0.
1.737800828749376e7	0.
1.757923613958693e7	0.
1.7782794100389227e7	0.
1.7988709151287872e7	0.
1.8197008586099826e7	0.
1.8407720014689546e7	0.
1.8620871366628658e7	0.
1.883649089489802e7	0.
1.905460717963248e7	0.
1.9275249131909367e7	0.
1.9498445997580454e7	0.
1.9724227361148532e7	0.
1.9952623149688788e7	0.
2.0183663636815596e7	0.
2.0417379446695276e7	0.
2.0653801558105312e7	0.
2.0892961308540408e7	0.
2.1134890398366477e7	0.
2.1379620895022325e7	0.
2.1627185237270202e7	1.4577332172349573e-307
2.187761623949552e7	4.327280407332538e-304
2.2130947096056364e7	1.1691977322035988e-300
2.2387211385683376e7	2.88618999533363e-297
2.2646443075930618e7	6.515941853175676e-294
2.290867652767775e7	1.346761696089926e-290
2.3173946499684796e7	2.550976563779016e-287
2.3442288153199226e7	4.432617139179731e-284
2.3713737056616552e7	7.07266276275756e-281
2.3988329190194897e7	1.0372912190635633e-277
2.426610095082414e7	1.3996990921549646e-274
2.4547089156850286e7	1.739407389516773e-271
2.483133105295568e7	1.9925640013664409e-268
2.5118864315095823e7	2.1060786985609548e-265
2.5409727055493064e7	2.0558462602298706e-262
2.5703957827688646e7	1.8550609834440708e-259
2.600159563165272e7	1.5487115246781832e-256
2.6302679918953814e7	1.1973370776764483e-253
2.6607250597988084e7	8.579860763799017e-251
2.6915348039269138e7	5.703506134642413e-248
2.7227013080779098e7	3.520278843799135e-245
2.754228703338169e7	2.019096229096825e-242
2.7861211686297722e7	1.0770821754408859e-239
2.818382931264455e7	5.348295484489256e-237
2.8510182675039098e7	2.474089375069091e-234
2.8840315031266056e7	1.0670957675109676e-231
2.917427014001166e7	4.294671441754612e-229
2.9512092266663842e7	1.614141135352743e-226
2.9853826189179573e7	5.66996752843203e-224
3.019951720402019e7	1.8628834624990128e-221
3.0549211132155154e7	5.72916711460046e-219
3.090295432513592e7	1.650550264382912e-216
3.126079367123956e7	4.457839510072877e-214
3.162277660168379e7	1.1295401690747633e-211
3.198895109691397e7	2.6870758742712566e-209
3.235936569296281e7	6.005855739681576e-207
3.2734069487883795e7	1.2621141438878923e-204
3.3113112148259077e7	2.4955114709299454e-202
3.3496543915782794e7	4.6458218137863425e-200
3.388441561392027e7	8.149085286376181e-198
3.427677865464505e7	1.347709526585338e-195
3.4673685045253165e7	2.1029026513199237e-193
3.5075187395256795e7	3.097906849477971e-191
3.548133892335753e7	4.311529312439919e-189
3.58921934645005e7	5.672731933377409e-187
3.6307805477010176e7	7.060442458433197e-185
3.67282300498085e7	8.318170889002883e-183
3.715352290971728e7	9.28227225005917e-181
3.758374042884443e7	9.81708114314397e-179
3.8018939632056125e7	9.84645664407081e-177
3.845917820453535e7	9.371558982315049e-175
3.890451449942805e7	8.469146694580968e-173
3.935500754557773e7	7.271466585260779e-171
3.981071705534969e7	5.934914826002486e-169
4.027170343254595e7	4.6075459381442216e-167
4.07380277804113e7	3.4043734299000675e-165
4.120975190973304e7	2.395321186510566e-163
4.168693834703355e7	1.6058064197796725e-161
4.2169650342858225e7	1.026281428779482e-159
4.265795188015926e7	6.2563603875627515e-158
4.31519076827765e7	3.6399417406621705e-156
4.365158322401656e7	2.0221675131637415e-154
4.415704473533121e7	1.0732966365256907e-152
4.466835921509635e7	5.4453975693317744e-151
4.518559443749226e7	2.6422335338711162e-149
4.570881896148752e7	1.226779678012999e-147
4.623810213992603e7	5.452995207158431e-146
4.6773514128719814e7	2.321633619891132e-144
4.7315125896148026e7	9.47232558619622e-143
4.78630092322638e7	3.705405742214898e-141
4.841723675840999e7	1.3904025126856056e-139
4.897788193684466e7	5.0070037536476387e-138
4.9545019080479056e7	1.7312208550361885e-136
5.011872336272725e7	5.749981425225536e-135
5.0699070827470444e7	1.835353426450908e-133
5.128613839913648e7	5.632612271162878e-132
5.188000389289609e7	1.6627700864564334e-130
5.248074602497723e7	4.723672814665697e-129
5.3088444423098795e7	1.2919434930987449e-127
5.370317963702533e7	3.403392105834431e-126
5.432503314924336e7	8.639163668227349e-125
5.495408738576248e7	2.1140098819594268e-123
5.559042572704037e7	4.988846709000111e-122
5.623413251903491e7	1.1358769690766387e-120
5.688529308438413e7	2.4961949909470134e-119
5.754399373371567e7	5.296852211178151e-118
5.82103217770871e7	1.0857338634957365e-116
5.888436553555884e7	2.150637171071256e-115
5.956621435290109e7	4.1183119727090084e-114
6.025595860743581e7	7.626895944238368e-113
6.0953689724016935e7	1.3665298438076357e-111
6.165950018614822e7	2.3697224508504458e-110
6.237348354824191e7	3.9787383329693937e-109
6.3095734448019296e7	6.4702852180735114e-108
6.3826348619054824e7	1.0195074770925616e-106
6.456542290346563e7	1.5570527676572094e-105
6.531305526474729e7	2.3057773464743942e-104
6.606934480075964e7	3.311966663126274e-103
6.6834391756861486e7	4.615946645949612e-102
6.760829753919819e7	6.244415545564613e-101
6.839116472814293e7	8.20214145875887e-100
6.918309709189363e7	1.046438525510609e-98
6.998419960022731e7	1.2971675815891185e-97
7.079457843841374e7	1.5628510861470069e-96
7.161434102129027e7	1.830711340374773e-95
7.244359600749905e7	2.0856570895330358e-94
7.328245331389044e7	2.3116661175436196e-93
7.413102413009177e7	2.4934651623472792e-92
7.498942093324558e7	2.618259973157878e-91
7.585775750291836e7	2.6772394653279655e-90
7.673614893618186e7	2.666606052568846e-89
7.762471166286911e7	2.587964914171102e-88
7.85235634610071e7	2.448020148940029e-87
7.943282347242822e7	2.257648856461026e-86
8.035261221856177e7	2.0305274612909956e-85
8.128305161640996e7	1.7815467552927515e-84
8.222426499470712e7	1.5252634283857324e-83
8.317637711026709e7	1.2745994993634922e-82
8.413951416451947e7	1.0399308568823773e-81
8.511380382023759e7	8.286215432005541e-81
8.609937521846016e7	6.449808830402889e-80
8.709635899560814e7	4.9056076718689895e-79
8.810488730080147e7	3.6467775583251343e-78
8.91250938133746e7	2.65039160619924e-77
9.015711376059571e7	1.883682259188383e-76
9.120108393559097e7	1.3095234917205044e-75
9.225714271547629e7	8.907112270794424e-75
9.332543007969905e7	5.929078783130875e-74
9.440608762859227e7	3.8634171337921815e-73
9.549925860214369e7	2.4648826852184446e-72
9.66050878989814e7	1.5401610686218646e-71
9.772372209558111e7	9.427249809808096e-71
9.88553094656939e7	5.653995153820714e-70
1.e8	3.323370515242618e-69
1.0115794542599003e8	1.914940167009811e-68
1.0232929922807537e8	1.0818917652427205e-67
1.0351421666793452e8	5.994631365510796e-67
1.0471285480508985e8	3.2582768071922796e-66
1.0592537251772897e8	1.7376245800078355e-65
1.0715193052376048e8	9.094125615792223e-65
1.0839269140212038e8	4.6719309985172375e-64
1.0964781961431828e8	2.3564310380847065e-63
1.109174815262401e8	1.1671513951252254e-62
1.1220184543019652e8	5.678113134790857e-62
1.1350108156723143e8	2.7137790069301637e-61
1.1481536214968841e8	1.2744613593216258e-60
1.1614486138403414e8	5.882308136780161e-60
1.1748975549395303e8	2.668848440636759e-59
1.1885022274370165e8	1.1905297075736308e-58
1.2022644346174131e8	5.222529510084826e-58
1.2161860006463704e8	2.2533522697176913e-57
1.230268770812381e8	9.564604600580244e-57
1.2445146117713869e8	3.9946244982426547e-56
1.2589254117941661e8	1.6418604396170867e-55
1.2735030810166629e8	6.642434066174496e-55
1.2882495516931322e8	2.6456201006788036e-54
1.3031667784523e8	1.0375630545915598e-53
1.31825673855641e8	4.00742109566909e-53
1.333521432163324e8	1.5245957806510922e-52
1.348962882591656e8	5.714241783261874e-52
1.364583136588924e8	2.1103317079407273e-51
1.3803842646028867e8	7.680760813727199e-51
1.3963683610559362e8	2.7554434925498525e-50
1.4125375446227553e8	9.74504928939208e-50
1.4288939585111007e8	3.3982280442764598e-49
1.445439770745928e8	1.1686025183836254e-48
1.4621771744567153e8	3.963656394218782e-48
1.479108388168207e8	1.3261978816808112e-47
1.4962356560944358e8	4.3779549793254627e-47
1.5135612484362072e8	1.4261052709084808e-46
1.5310874616820318e8	4.5847445715277975e-46
1.5488166189124796e8	1.4548799029119247e-45
1.5667510701081502e8	4.557765823086019e-45
1.584893192461111e8	1.409786716479101e-44
1.6032453906900418e8	4.306201150884193e-44
1.621810097358933e8	1.2990830796113968e-43
1.640589773199539e8	3.871174618388436e-43
1.659586907437563e8	1.1396529478677655e-42
1.678804018122559e8	3.3150233783735564e-42
1.698243652461746e8	9.528929234833081e-42
1.717908387157586e8	2.7070972752215715e-41
1.7378008287493762e8	7.601931026850956e-41
1.7579236139586967e8	2.1103849106729427e-40
1.7782794100389227e8	5.792603841916065e-40
1.798870915128791e8	1.5722313778965154e-39
1.8197008586099824e8	4.220316214525849e-39
1.8407720014689583e8	1.1205060724490694e-38
1.8620871366628656e8	2.9429188260857786e-38
1.883649089489802e8	7.646993719298298e-38
1.9054607179632443e8	1.966094935800705e-37
1.9275249131909367e8	5.002324340118776e-37
1.9498445997580415e8	1.2596344506284473e-36
1.9724227361148533e8	3.1395951353483625e-36
1.9952623149688828e8	7.746574927118184e-36
2.0183663636815596e8	1.8923554264354057e-35
2.0417379446695316e8	4.577221926585384e-35
2.065380155810527e8	1.0963678889139551e-34
2.089296130854041e8	2.6008419555298316e-34
2.1134890398366433e8	6.111145443433278e-34
2.1379620895022324e8	1.4224251263017136e-33
2.1627185237270245e8	3.280053601031295e-33
2.187761623949552e8	7.49416502316536e-33
2.213094709605641e8	1.6966875534065395e-32
2.238721138568338e8	3.8068152999831584e-32
2.264644307593062e8	8.465400889942995e-32
2.29086765276777e8	1.8659629309123469e-31
2.3173946499684796e8	4.077291045738415e-31
2.3442288153199276e8	8.832763310543468e-31
2.3713737056616554e8	1.8972305656822764e-30
2.3988329190194947e8	4.0409571494088844e-30
2.4266100950824144e8	8.535529683203627e-30
2.4547089156850335e8	1.7881329896683065e-29
2.4831331052955678e8	3.715632854650322e-29
2.511886431509582e8	7.65895428789911e-29
2.5409727055493012e8	1.5662080996991975e-28
2.5703957827688646e8	3.1776927349345608e-28
2.6001595631652668e8	6.397281668027986e-28
2.6302679918953815e8	1.2780222704367314e-27
2.660725059798814e8	2.5338362535489736e-27
2.691534803926914e8	4.986010676234487e-27
2.7227013080779153e8	9.738662687933695e-27
2.7542287033381635e8	1.8882235193823198e-26
2.786121168629772e8	3.6345572706153474e-26
2.8183829312644494e8	6.945912713995429e-26
2.8510182675039095e8	1.3180201824103626e-25
2.884031503126612e8	2.483502307882134e-25
2.9174270140011656e8	4.6471990390711845e-25
2.9512092266663903e8	8.636468800623531e-25
2.985382618917957e8	1.5941640398088604e-24
3.019951720402019e8	2.9229064754713487e-24
3.054921113215509e8	5.3237150562911576e-24
3.090295432513592e8	9.633079351231789e-24
3.126079367123962e8	1.731801173081046e-23
3.1622776601683795e8	3.0934650283873396e-23
3.1988951096914035e8	5.490830630087405e-23
3.235936569296281e8	9.68517661788498e-23
3.273406948788386e8	1.6977914780469866e-22
3.311311214825908e8	2.9580039904998386e-22
3.349654391578279e8	5.122485173591744e-22
3.3884415613920206e8	8.817791311164875e-22
3.427677865464505e8	1.5089169567823014e-21
3.46736850452531e8	2.567002015594325e-21
3.5075187395256793e8	4.3418121590149865e-21
3.5481338923357606e8	7.30176884047081e-21
3.58921934645005e8	1.2210271396139128e-20
3.630780547701018e8	2.0304410581854263e-20
3.6728230049808425e8	3.3577675283983905e-20
3.715352290971728e8	5.52246615045389e-20
3.7583740428844357e8	9.033674371643794e-20
3.8018939632056123e8	1.4698437524314458e-19
3.845917820453543e8	2.378917756485967e-19
3.8904514499428046e8	3.8301437013144156e-19
3.9355007545577806e8	6.134846181717173e-19
3.981071705534969e8	9.776211084459076e-19
4.027170343254595e8	1.5500324444782972e-18
4.073802778041122e8	2.4453392313436273e-18
4.120975190973304e8	3.838752164217056e-18
4.168693834703364e8	5.996777520922e-18
4.2169650342858225e8	9.322807736773593e-18
4.265795188015934e8	1.4424482137809885e-17
4.31519076827765e8	2.2212732697565612e-17
4.3651583224016654e8	3.404672351564821e-17
4.415704473533121e8	5.1944948526644803e-17
4.466835921509635e8	7.889125194819846e-17
4.518559443749217e8	1.1927641033960146e-16
4.570881896148752e8	1.795324260709569e-16
4.623810213992594e8	2.690395341763165e-16
4.677351412871981e8	4.0141740954358e-16
4.731512589614813e8	5.96355245514433e-16
4.7863009232263803e8	8.821943427127601e-16
4.841723675840999e8	1.2995570146409331e-15
4.8977881936844563e8	1.9064241351362146e-15
4.9545019080479056e8	2.7852099219141e-15
5.011872336272715e8	4.052578873008584e-15
5.0699070827470446e8	5.873012183576015e-15
5.1286138399136585e8	8.477480280283513e-15
5.188000389289609e8	1.2189041218839778e-14
5.248074602497734e8	1.7457796225212277e-14
5.308844442309879e8	2.4908438022188756e-14
5.370317963702532e8	3.540468147444615e-14
5.432503314924325e8	5.013624164496337e-14
5.495408738576248e8	7.0735813005868e-14
5.559042572704048e8	9.943582071114428e-14
5.623413251903491e8	1.3927770570427857e-13
5.688529308438425e8	1.943903519528142e-13
5.754399373371567e8	2.703591934793777e-13
5.821032177708721e8	3.747138337950108e-13
5.888436553555884e8	5.175700213305817e-13
5.956621435290109e8	7.124719845720078e-13
6.025595860743569e8	9.774939730149834e-13
6.095368972401694e8	1.336676029039567e-12
6.16595001861481e8	1.8218893314307025e-12
6.237348354824191e8	2.4752518786576487e-12
6.309573444801943e8	3.3522470036505915e-12
6.382634861905483e8	4.525736665624357e-12
6.456542290346563e8	6.0911103788725516e-12
6.531305526474717e8	8.172871094348233e-12
6.606934480075965e8	1.0933033841592614e-11
6.683439175686135e8	1.4581804446727162e-11
6.760829753919818e8	1.939111771506007e-11
6.839116472814307e8	2.571175131646715e-11
6.918309709189363e8	3.399489821956564e-11
6.998419960022745e8	4.4819282760632284e-11
7.079457843841373e8	5.892515020263983e-11
7.161434102129027e8	7.725675502077226e-11
7.244359600749891e8	1.0101532856506643e-10
7.328245331389045e8	1.3172493315859726e-10
7.413102413009192e8	1.7131411978371352e-10
7.498942093324559e8	2.2221691495391107e-10
7.585775750291852e8	2.874973859924672e-10
7.673614893618186e8	3.7100289198712757e-10
7.762471166286927e8	4.775521425527239e-10
7.852356346100711e8	6.13165382398982e-10
7.943282347242821e8	7.853454262223023e-10
8.03526122185616e8	1.0034199152151908e-9
8.128305161640995e8	1.278957094055089e-9
8.222426499470695e8	1.6262696546124856e-9
8.317637711026709e8	2.063023773664102e-9
8.413951416451964e8	2.610973545005736e-9
8.511380382023759e8	3.2968444149970464e-9
8.609937521846017e8	4.153393311429573e-9
8.709635899560796e8	5.220677695715846e-9
8.810488730080147e8	6.5475711058619485e-9
8.912509381337441e8	8.193568638219335e-9
9.01571137605957e8	1.023093278529284e-8
9.120108393559115e8	1.2747237649180241e-8
9.225714271547629e8	1.5848378346712544e-8
9.332543007969924e8	1.9662122204507225e-8
9.440608762859226e8	2.434228938539174e-8
9.549925860214369e8	3.007366314347249e-8
9.660508789898121e8	3.707774272789559e-8
9.772372209558111e8	4.5619469085784883e-8
9.88553094656941e8	5.601506816851485e-8
1.e9	6.864117719700059e-8
1.0115794542598962e9	8.394543867554516e-8
1.0232929922807536e9	1.0245877023511099e-7
1.0351421666793451e9	1.2480954265488926e-7
1.0471285480508986e9	1.517399253140772e-7
1.0592537251772897e9	1.8412468809193356e-7
1.0715193052376093e9	2.22992780339001e-7
1.083926914021204e9	2.695520412437707e-7
1.0964781961431828e9	3.2521743444868643e-7
1.1091748152624009e9	3.916432384946914e-7
1.1220184543019652e9	4.7075966816504297e-7
1.1350108156723144e9	5.648144482602026e-7
1.148153621496884e9	6.764199099034779e-7
1.1614486138403413e9	8.086062337072069e-7
1.1748975549395304e9	9.648815196848577e-7
1.1885022274370165e9	1.1492994236574327e-6
1.202264434617413e9	1.366535171150298e-6
1.2161860006463704e9	1.6219708212787664e-6
1.230268770812381e9	1.921790704687129e-6
1.2445146117713869e9	2.2730881584873352e-6
1.258925411794166e9	2.6839845245605967e-6
1.2735030810166628e9	3.163761772241508e-6
1.2882495516931322e9	3.723009965657828e-6
1.3031667784523e9	4.37379103842094e-6
1.31825673855641e9	5.129820409689802e-6
1.333521432163324e9	6.006668127591264e-6
1.3489628825916505e9	7.021981361705556e-6
1.364583136588924e9	8.195730235409574e-6
1.3803842646028867e9	9.550479186629287e-6
1.3963683610559363e9	0.000011111686189945415
1.4125375446227555e9	0.000012908032502300973
1.4288939585111065e9	0.00001497178567748145
1.445439770745928e9	0.000017339199139470326
1.4621771744567153e9	0.000020050951682493298
1.4791083881682072e9	0.00002315263064474898
1.496235656094436e9	0.000026695263046618065
1.513561248436207e9	0.00003073589956317238
1.5310874616820319e9	0.00003533825608351602
1.5488166189124796e9	0.00004057341903926266
1.5667510701081502e9	0.00004652062068893224
1.5848931924611108e9	0.000053268091587249746
1.6032453906900418e9	0.00006091399819322502
1.6218100973589332e9	0.00006956747437272612
1.6405897731995387e9	0.0000793497569416262
1.6595869074375632e9	0.0000903954359434314
1.6788040181225588e9	0.00010285383102435065
1.698243652461746e9	0.00011689051374191445
1.7179083871575859e9	0.0001326889828428917
1.7378008287493763e9	0.00015045248740512015
1.7579236139586966e9	0.00017040611603555604
1.7782794100389228e9	0.0001927989996233901
1.7988709151287837e9	0.00021790682481038798
1.8197008586099825e9	0.000246034576091436
1.8407720014689581e9	0.0002775195756818102
1.8620871366628656e9	0.00031273484330861245
1.8836490894898021e9	0.0003520928112785448
1.905460717963252e9	0.0003960494356896036
1.9275249131909366e9	0.00044510874212925637
1.9498445997580414e9	0.0004998278389985737
1.9724227361148534e9	0.0005608225024531784
1.9952623149688828e9	0.0006287732940465567
2.0183663636815596e9	0.0007044323698012996
2.0417379446695316e9	0.0007886309874322168
2.065380155810527e9	0.0008822877859756851
2.0892961308540409e9	0.000986417954888582
2.1134890398366432e9	0.0011021433369705052
2.1379620895022326e9	0.0012307035744585995
2.1627185237270246e9	0.0013734684027851803
2.187761623949552e9	0.0015319511944267238
2.213094709605641e9	0.0017078238770336595
2.238721138568338e9	0.0019029333521834633
2.264644307593062e9	0.0021193195251777404
2.29086765276777e9	0.002359235209641491
2.3173946499684796e9	0.0026251678291414116
2.3442288153199277e9	0.002919863423811161
2.3713737056616554e9	0.00324635279985475
2.398832919019485e9	0.003607980546506813
2.426610095082414e9	0.004008435371833927
2.454708915685034e9	0.004451787699445913
2.483133105295568e9	0.004942518473236975
2.511886431509582e9	0.005485583350982154
2.5409727055493116e9	0.006086419019950457
2.5703957827688646e9	0.006751029818432965
2.600159563165267e9	0.007486021096061564
2.6302679918953815e9	0.008298659250151429
2.660725059798814e9	0.009196950943873789
2.6915348039269137e9	0.010189680045683111
2.7227013080779157e9	0.011286517226207642
2.7542287033381634e9	0.012498080005654666
2.786121168629772e9	0.013836016862246253
2.818382931264449e9	0.01531315855772671
2.8510182675039096e9	0.016943514013655295
2.8840315031266117e9	0.018742488821963617
2.917427014001166e9	0.020726960165905774
2.95120922666639e9	0.022915404452618013
2.9853826189179573e9	0.025328066427006232
3.019951720402019e9	0.027987090346494995
3.0549211132155094e9	0.030916696561795402
3.0902954325135922e9	0.03414337441007191
3.126079367123962e9	0.037696054653454054
3.1622776601683793e9	0.04160632893239484
3.1988951096913905e9	0.04590871940079037
3.235936569296281e9	0.050640837557849316
3.2734069487883863e9	0.0558437229723095
3.3113112148259077e9	0.06156212232217296
3.3496543915782795e9	0.06784475246719039
3.3884415613920345e9	0.07474466451008377
3.4276778654645047e9	0.08231962131138894
3.4673685045253096e9	0.09063243246533251
3.5075187395256796e9	0.0997513876012976
3.5481338923357606e9	0.10975071851075682
3.58921934645005e9	0.12071107408231274
3.6307805477010174e9	0.1327199805672288
3.6728230049808426e9	0.14587241934084524
3.715352290971728e9	0.16027158608282224
3.7583740428844357e9	0.17602913772708592
3.8018939632056127e9	0.19326624671704282
3.845917820453543e9	0.21211417189743265
3.890451449942805e9	0.23271507758872367
3.9355007545577803e9	0.25522280755088017
3.9810717055349693e9	0.2798038471929559
4.027170343254595e9	0.30663836693592583
4.073802778041122e9	0.33592106122096005
4.1209751909733043e9	0.3678624072210897
4.1686938347033634e9	0.4026897981540582
4.2169650342858224e9	0.440648932654734
4.265795188015917e9	0.4820049232885379
4.31519076827765e9	0.5270439728142479
4.365158322401666e9	0.5760748065680485
4.415704473533121e9	0.629430572334868
4.466835921509635e9	0.6874702775531422
4.518559443749235e9	0.7505812400180412
4.570881896148752e9	0.8191796672742361
4.623810213992594e9	0.893715518753301
4.677351412871982e9	0.9746721913300661
4.731512589614813e9	1.0625703742153547
4.78630092322638e9	1.1579704101633848
4.841723675840999e9	1.2614749562592122
4.897788193684457e9	1.3737330755123678
4.954501908047905e9	1.4954413857255255
5.011872336272715e9	1.6273495835424998
5.069907082747045e9	1.770263168919498
5.128613839913659e9	1.925047623155296
5.18800038928961e9	2.092632670076442
5.248074602497734e9	2.274016493916999
5.308844442309879e9	2.4702709295923135
5.370317963702533e9	2.6825463527554603
5.432503314924325e9	2.912077398489841
5.495408738576248e9	3.160188785783857
5.559042572704048e9	3.4283009613057867
5.623413251903491e9	3.717937624459185
5.688529308438401e9	4.030732331517196
5.754399373371567e9	4.368436065450061
5.821032177708722e9	4.732926000414638
5.888436553555884e9	5.1262125337802384
5.95662143529011e9	5.550450036413263
6.025595860743593e9	6.007945911979428
6.095368972401693e9	6.50117095419691
6.16595001861481e9	7.032771158073807
6.237348354824191e9	7.60557867678161
6.309573444801943e9	8.222624475394811
6.382634861905482e9	8.887152517448813
6.456542290346562e9	9.602633518913358
6.531305526474716e9	10.37278018910248
6.606934480075964e9	11.201563936485865
6.683439175686135e9	12.093231546040455
6.760829753919819e9	13.052323654500658
6.839116472814306e9	14.083694853631824
6.918309709189363e9	15.192534182457976
6.998419960022745e9	16.384387304482534
7.079457843841373e9	17.66517980641502
7.161434102129027e9	19.04124632648016
7.244359600749891e9	20.519348489981017
7.328245331389045e9	22.106712474639988
7.413102413009192e9	23.81105513001917
7.498942093324558e9	25.640616850773668
7.585775750291821e9	27.604196184274326
7.673614893618186e9	29.711186164365397
7.762471166286927e9	31.971615051815235
7.85235634610071e9	34.39618342837437
7.943282347242822e9	36.996312731192205
8.035261221856194e9	39.78419021450639
8.128305161640995e9	42.77281893821516
8.2224264994706955e9	45.976070689637616
8.317637711026709e9	49.408742180102536
8.413951416451964e9	53.086617759787636
8.511380382023759e9	57.0265286555237
8.609937521846016e9	61.246422798523604
8.709635899560797e9	65.76543848688036
8.810488730080147e9	70.60397959709321
8.91250938133744e9	75.78379712882142
9.01571137605957e9	81.32807543249312
9.120108393559114e9	87.2615261797943
9.225714271547628e9	93.61048404551359
9.332543007969925e9	100.40301382871701
9.440608762859226e9	107.66901685745093
9.549925860214369e9	115.44035064344114
9.66050878989812e9	123.75095590689261
9.772372209558111e9	132.63698585982826
9.88553094656941e9	142.1369507038734
1.e10	152.29186424802108
1.0115794542598963e10	163.1454049944101
1.0232929922807537e10	174.7440843129741
1.0351421666793451e10	187.13743659735567
1.0471285480508986e10	200.37818504966845
1.0592537251772898e10	214.52247087509832
1.0715193052376093e10	229.6300568437675
1.0839269140212038e10	245.76455798289123
1.096478196143183e10	262.9936849221316
1.1091748152624008e10	281.38949583437545
1.1220184543019653e10	301.02869277920087
1.1350108156723143e10	321.9929213078432
1.1481536214968842e10	344.36893021062986
1.1614486138403414e10	368.24921399924614
1.1748975549395304e10	393.7320397276224
1.1885022274370165e10	420.92199906084215
1.2022644346174131e10	449.93034993159824
1.2161860006463703e10	480.8754410887995
1.2302687708123812e10	513.8831497179287
1.244514611771387e10	549.0873613344223
1.2589254117941662e10	586.6304638495712
1.273503081016663e10	626.6638795844287
1.2882495516931322e10	669.3486310179853
1.3031667784523e10	714.8559348556532
1.31825673855641e10	763.3678432229971
1.333521432163324e10	815.0779208928476
1.3489628825916506e10	870.1919363722889
1.3645831365889238e10	928.928651558862
1.3803842646028866e10	991.5206114922266
1.3963683610559362e10	1058.215008378593
1.4125375446227554e10	1129.2745805881514
1.4288939585111067e10	1204.9785800535644
1.445439770745928e10	1285.6237958669858
1.4621771744567154e10	1371.525637429376
1.4791083881682072e10	1463.0192860042223
1.4962356560944359e10	1560.460916274055
1.5135612484362072e10	1664.228992108027
1.5310874616820318e10	1774.725635750882
1.5488166189124796e10	1892.3781253203829
1.5667510701081501e10	2017.6403622639345
1.5848931924611109e10	2150.994597624112
1.6032453906900417e10	2292.953125911155
1.621810097358933e10	2444.0601172007664
1.6405897731995388e10	2604.893686486073
1.6595869074375631e10	2776.067814665455
1.678804018122559e10	2958.234679748158
1.698243652461746e10	3152.0869758958875
1.717908387157586e10	3358.360229692408
1.7378008287493763e10	3577.8357770857215
1.7579236139586967e10	3811.343228644497
1.778279410038923e10	4059.763583872446
1.7988709151287838e10	4324.0323455716425
1.8197008586099827e10	4605.142871439463
1.8407720014689583e10	4904.149847123404
1.8620871366628654e10	5222.173124056839
1.883649089489802e10	5560.401666140245
1.9054607179632523e10	5920.097615164061
1.9275249131909367e10	6302.601007498741
1.9498445997580414e10	6709.3343417919195
1.9724227361148533e10	7141.8076505695935
1.9952623149688828e10	7601.623854802418
2.0183663636815598e10	8090.484356147677
2.0417379446695316e10	8610.195128513677
2.065380155810527e10	9162.672789077811
2.089296130854041e10	9749.95181300776
2.1134890398366432e10	10374.19121150687
2.1379620895022324e10	11037.682335133868
2.1627185237270245e10	11742.856838807502
2.1877616239495518e10	12492.295197450947
2.2130947096056408e10	13288.73567501218
2.2387211385683376e10	14135.083938032069
2.264644307593062e10	15034.423223369295
2.29086765276777e10	15990.024901477858
2.3173946499684795e10	17005.360086997684
2.3442288153199276e10	18084.111520889535
2.3713737056616554e10	19230.18644701154
2.398832919019485e10	20447.73015619539
2.4266100950824142e10	21741.14033395186
2.4547089156850334e10	23115.0822800438
2.4831331052955677e10	24574.50510078518
2.511886431509582e10	26124.65872910122
2.540972705549312e10	27771.11210140345
2.570395782768865e10	29519.772349281895
2.6001595631652668e10	31376.90515077596
2.6302679918953815e10	33349.15630498868
2.660725059798814e10	35443.574593875244
2.691534803926914e10	37667.63598282673
2.7227013080779156e10	40029.26930859517
2.7542287033381634e10	42536.8834605616
2.786121168629772e10	45199.39619840157
2.8183829312644493e10	48026.264693090015
2.8510182675039097e10	51027.5178557909
2.8840315031266117e10	54213.790656142446
2.9174270140011658e10	57596.360371966686
2.9512092266663902e10	61187.18512310021
2.9853826189179573e10	64998.94461451726
3.019951720402019e10	69045.08329461595
3.054921113215509e10	73339.85611944213
3.090295432513592e10	77898.37716501598
3.126079367123962e10	82736.67064138882
3.1622776601683792e10	87871.72556189577
3.1988951096913906e10	93321.55322881699
3.235936569296281e10	99105.24835842187
3.273406948788386e10	105243.05377230712
3.3113112148259075e10	111756.42849697734
3.3496543915782795e10	118668.12084744641
3.388441561392034e10	126002.24486891087
3.4276778654645046e10	133784.36175637343
3.46736850452531e10	142041.56642545352
3.50751873952568e10	150802.57803605255
3.5481338923357605e10	160097.8374121615
3.5892193464500496e10	169959.60901815098
3.630780547701018e10	180422.0895010865
3.6728230049808426e10	191521.5225329163
3.715352290971728e10	203296.32047749418
3.758374042884435e10	215787.19293529133
3.801893963205613e10	229037.28335490948
3.845917820453543e10	243092.31347952943
3.890451449942805e10	258000.73603238064
3.9355007545577805e10	273813.896812796
3.981071705534969e10	290586.2060742978
4.027170343254595e10	308375.320169502
4.073802778041122e10	327242.33361757436
4.120975190973304e10	347251.98275715846
4.168693834703364e10	368472.8612834574
4.216965034285822e10	390977.6480331673
4.2657951880159164e10	414843.3489708489
4.3151907682776505e10	440151.5526496647
4.3651583224016655e10	466988.70097368717
4.415704473533121e10	495446.37581444427
4.466835921509635e10	525621.602359956
4.5185594437492355e10	557617.1703039629
4.570881896148752e10	591541.9738168494
4.623810213992594e10	627511.3715125152
4.677351412871981e10	665647.5672550476
4.7315125896148125e10	706080.0133571153
4.78630092322638e10	748945.8375462409
4.841723675840999e10	794390.2946039101
4.897788193684457e10	842567.2445055038
4.954501908047906e10	893639.6584307837
5.011872336272715e10	947780.1544934998
5.069907082747044e10	1.005171564567996e6
5.128613839913659e10	1.0660075333762355e6
5.1880003892896095e10	1.130493155856825e6
5.248074602497734e10	1.1988456444187404e6
5.308844442309879e10	1.2712950397481015e6
5.370317963702533e10	1.3480849821564239e6
5.432503314924325e10	1.4294734686095295e6
5.495408738576248e10	1.5157337331317621e6
5.559042572704048e10	1.6071551183383446e6
5.6234132519034904e10	1.7040440234693484e6
5.688529308438402e10	1.8067249025354774e6
5.754399373371567e10	1.915541319231633e6
5.821032177708722e10	2.0308570641719662e6
5.888436553555884e10	2.15305733575343e6
5.956621435290109e10	2.2825499940824863e6
6.0255958607435936e10	2.419766878444163e6
6.095368972401694e10	2.5651652099496988e6
6.1659500186148094e10	2.719229070431059e6
6.237348354824191e10	2.8824709687814997e6
6.3095734448019424e10	3.0554334978095526e6
6.3826348619054825e10	3.2386910823544366e6
6.456542290346562e10	3.432851837978151e6
6.531305526474716e10	3.638559528637587e6
6.606934480075964e10	3.8564956353665683e6
6.683439175686135e10	4.087381556041963e6
6.760829753919819e10	4.331980919144528e6
6.839116472814307e10	4.591102037201224e6
6.918309709189363e10	4.865600500955748e6
6.998419960022745e10	5.156381920233072e6
7.079457843841373e10	5.464404824939936e6
7.161434102129027e10	5.790683731214559e6
7.244359600749892e10	6.13629238437985e6
7.328245331389044e10	6.502367186018399e6
7.413102413009192e10	6.890110820849467e6
7.498942093324559e10	7.300796088166409e6
7.58577575029182e10	7.735769954233876e6
7.673614893618185e10	8.196457836169726e6
7.762471166286928e10	8.68436813073916e6
7.85235634610071e10	9.201097001944173e6
7.943282347242822e10	9.748333441701246e6
8.035261221856194e10	1.032786462443773e7
8.128305161640996e10	1.0941581545605754e7
8.222426499470695e10	1.1591484993598176e7
8.317637711026709e10	1.227969197024632e7
8.413951416451965e10	1.3008442156708919e7
8.51138038202376e10	1.3780105174249178e7
8.609937521846016e10	1.4597187935644502e7
8.709635899560797e10	1.5462342551636152e7
8.810488730080147e10	1.6378374656279149e7
8.91250938133744e10	1.7348252205675784e7
9.01571137605957e10	1.837511475701346e7
9.120108393559116e10	1.9462283335598513e7
9.225714271547629e10	2.0613270902087063e7
9.332543007969925e10	2.1831792925921552e7
9.440608762859225e10	2.3121779369841527e7
9.549925860214369e10	2.4487387004908655e7
9.660508789898122e10	2.5933011890533525e7
9.772372209558112e10	2.7463303364924483e7
9.88553094656941e10	2.908317838608669e7
1.e11	3.0797836742545016e7
1.0115794542598962e11	3.2612777163244538e7
1.0232929922807536e11	3.453381430167729e7
1.0351421666793452e11	3.656709667929113e7
1.0471285480508984e11	3.871912563261027e7
1.0592537251772897e11	4.099677531992955e7
1.0715193052376093e11	4.3407313845677346e7
1.0839269140212039e11	4.59584255636927e7
1.0964781961431828e11	4.865823462387928e7
1.1091748152624008e11	5.151532983015311e7
1.1220184543019653e11	5.453879088126723e7
1.1350108156723143e11	5.773821606946932e7
1.148153621496884e11	6.112375151651829e7
1.1614486138403462e11	6.470612203221038e7
1.1748975549395303e11	6.849666367800277e7
1.1885022274370164e11	7.250735813556837e7
1.2022644346174132e11	7.675086897209527e7
1.2161860006463704e11	8.124057990561123e7
1.2302687708123811e11	8.599063518034406e7
1.2445146117713818e11	9.101598215924472e7
1.2589254117941661e11	9.633241627611105e7
1.2735030810166629e11	1.019566284197e8
1.2882495516931323e11	1.0790625495079571e8
1.3031667784523e11	1.1419993043272507e8
1.31825673855641e11	1.2085734324812649e8
1.333521432163324e11	1.2789929428809337e8
1.3489628825916505e11	1.353477587532248e8
1.3645831365889238e11	1.432259514140874e8
1.3803842646028867e11	1.515583953617037e8
1.3963683610559363e11	1.6037099447809255e8
1.4125375446227554e11	1.696911098857452e8
1.4288939585111066e11	1.7954764047318786e8
1.445439770745928e11	1.8997110779622847e8
1.4621771744567154e11	2.0099374554562965e8
1.479108388168207e11	2.1264959382668322e8
1.4962356560944357e11	2.2497459850031215e8
1.5135612484362073e11	2.3800671584588018e8
1.531087461682032e11	2.5178602282093418e8
1.548816618912486e11	2.6635483321283755e8
1.56675107010815e11	2.817578199646243e8
1.5848931924611108e11	2.980421440119795e8
1.6032453906900418e11	3.152575899575885e8
1.621810097358933e11	3.334567089189556e8
1.640589773199539e11	3.5269496888691396e8
1.659586907437556e11	3.730309131393414e8
1.678804018122559e11	3.945263270225198e8
1.698243652461746e11	4.172464126368306e8
1.7179083871575858e11	4.4125997436920166e8
1.7378008287493762e11	4.666396124590062e8
1.7579236139586966e11	4.934619274888418e8
1.7782794100389227e11	5.218077352751828e8
1.7988709151287836e11	5.517622929047279e8
1.8197008586099826e11	5.834155365041115e8
1.840772001468958e11	6.168623310311402e8
1.8620871366628656e11	6.522027328350911e8
1.883649089489802e11	6.895422670130327e8
1.9054607179632523e11	7.289922161251578e8
1.9275249131909366e11	7.706699263016351e8
1.9498445997580414e11	8.146991274620997e8
1.9724227361148535e11	8.612102700584743e8
1.9952623149688828e11	9.103408787301308e8
2.0183663636815598e11	9.622359237118192e8
2.0417379446695316e11	1.0170482107463995e9
2.0653801558105356e11	1.0749387904394336e9
2.0892961308540408e11	1.1360773878735929e9
2.1134890398366434e11	1.2006428534274487e9
2.1379620895022324e11	1.2688236357399704e9
2.1627185237270245e11	1.340818277807004e9
2.1877616239495517e11	1.4168359372273276e9
2.213094709605632e11	1.497096931652572e9
2.238721138568347e11	1.5818333105289783e9
2.2646443075930618e11	1.6712894542570875e9
2.29086765276777e11	1.765722701928237e9
2.3173946499684796e11	1.8654040088340967e9
2.3442288153199274e11	1.9706186349795334e9
2.3713737056616553e11	2.08166686586465e9
2.398832919019485e11	2.1988647668349576e9
2.4266100950824142e11	2.3225449723327203e9
2.4547089156850336e11	2.453057511412457e9
2.483133105295568e11	2.5907706709179254e9
2.5118864315095822e11	2.7360718977407136e9
2.5409727055493115e11	2.889368741613202e9
2.5703957827688647e11	3.051089839906896e9
2.6001595631652667e11	3.2216859459335384e9
2.6302679918953815e11	3.401631002258082e9
2.660725059798814e11	3.591423260548761e9
2.691534803926914e11	3.7915864495019383e9
2.7227013080779156e11	4.0026709923699293e9
2.7542287033381744e11	4.2252552756342278e9
2.7861211686297723e11	4.459946970348936e9
2.8183829312644495e11	4.707384407645014e9
2.85101826750391e11	4.968238009899835e9
2.8840315031266113e11	5.243211778995466e9
2.917427014001166e11	5.533044843073762e9
2.951209226666378e11	5.838513063122756e9
2.9853826189179694e11	6.160430700658542e9
3.019951720402019e11	6.499652147675425e9
3.054921113215509e11	6.857073719939787e9
3.090295432513592e11	7.2336355145833845e9
3.1260793671239624e11	7.630323332762069e9
3.1622776601683795e11	8.048170668066419e9
3.1988951096913904e11	8.488260761080233e9
3.235936569296281e11	8.951728720333784e9
3.273406948788386e11	9.43976370960847e9
3.3113112148259076e11	9.953611201277449e9
3.3496543915782794e11	1.049457529504442e10
3.388441561392034e11	1.1064021101074448e10
3.4276778654645044e11	1.1663377186108774e10
3.4673685045253094e11	1.2294138080685484e10
3.5075187395256793e11	1.2957866845090445e10
3.5481338923357605e11	1.3656197691086975e10
3.58921934645005e11	1.4390838655837498e10
3.6307805477010175e11	1.5163574323710571e10
3.6728230049808575e11	1.5976268590923693e10
3.715352290971728e11	1.6830867467061224e10
3.7583740428844354e11	1.7729401906560127e10
3.801893963205613e11	1.8673990662235485e10
3.845917820453543e11	1.9666843151676125e10
3.8904514499428046e11	2.071026232613343e10
3.935500754557764e11	2.1806647530050694e10
3.9810717055349854e11	2.2958497337853848e10
4.027170343254595e11	2.416841235289627e10
4.073802778041122e11	2.5439097951627533e10
4.120975190973304e11	2.6773366953398617e10
4.1686938347033636e11	2.8174142196671932e10
4.216965034285823e11	2.964445899645765e10
4.265795188015917e11	3.1187467447522278e10
4.31519076827765e11	3.2806434571704235e10
4.3651583224016656e11	3.450474623874231e10
4.415704473533121e11	3.6285908853583984e10
4.466835921509635e11	3.815355075733787e10
4.518559443749235e11	4.011142330048711e10
4.570881896148752e11	4.216340153943304e10
4.623810213992594e11	4.431348450233592e10
4.677351412871981e11	4.6565794965171906e10
4.7315125896148126e11	4.892457867274429e10
4.78630092322638e11	5.139420293300939e10
4.841723675840999e11	5.397915450610355e10
4.8977881936844763e11	5.6684036701791e10
4.954501908047905e11	5.951356559071168e10
5.011872336272715e11	6.247256522591752e10
5.0699070827470447e11	6.55659617612183e10
5.1286138399136584e11	6.879877634291821e10
5.1880003892896094e11	7.217611663800073e10
5.2480746024977124e11	7.57031668525892e10
5.308844442309901e11	7.938517607751157e10
5.3703179637025323e11	8.322744478549661e10
5.432503314924325e11	8.72353092871788e10
5.495408738576248e11	9.141412394880455e10
5.559042572704049e11	9.576924089022414e10
5.623413251903491e11	1.0030598693502733e11
5.688529308438401e11	1.0502963783444093e11
5.754399373371566e11	1.0994538867498013e11
5.821032177708722e11	1.1505832124582141e11
5.888436553555884e11	1.203733668253946e11
5.95662143529011e11	1.2589526536613998e11
6.025595860743594e11	1.3162851927995929e11
6.095368972401693e11	1.3757734235476672e11
6.16595001861481e11	1.4374560290364456e11
6.237348354824192e11	1.5013676071134357e11
6.309573444801943e11	1.5675379720037747e11
6.382634861905482e11	1.635991381961779e11
6.456542290346562e11	1.7067456862074936e11
6.531305526474742e11	1.7798113838609723e11
6.606934480075964e11	1.8551905869787253e11
6.683439175686135e11	1.932875879153302e11
6.760829753919819e11	2.012849060403973e11
6.839116472814307e11	2.0950797683321255e11
6.918309709189363e11	2.1795239646841156e11
6.998419960022716e11	2.2661222175755203e11
7.079457843841403e11	2.3547980093138187e11
7.161434102129027e11	2.445455979551109e11
7.244359600749891e11	2.5379786683457816e11
7.328245331389044e11	2.632225586888319e11
7.413102413009192e11	2.7280296846856815e11
7.498942093324558e11	2.825194781072977e11
7.58577575029182e11	2.923492432435256e11
7.673614893618186e11	3.022658545111817e11
7.762471166286927e11	3.122389680116002e11
7.85235634610071e11	3.2223392698715717e11
7.943282347242821e11	3.322112691893405e11
8.035261221856194e11	3.421261544090705e11
8.128305161640995e11	3.5192829744157776e11
8.222426499470696e11	3.615607824770174e11
8.317637711026709e11	3.7095984907744794e11
8.413951416451964e11	3.800541034180109e11
8.511380382023759e11	3.887638042496188e11
8.609937521846017e11	3.9700007396138306e11
8.709635899560833e11	4.0466404186181665e11
8.810488730080146e11	4.116459141571054e11
8.91250938133744e11	4.1782396468042737e11
9.01571137605957e11	4.230634399369572e11
9.120108393559115e11	4.272153715546578e11
9.225714271547628e11	4.301152886626177e11
9.332543007969886e11	4.315818221481658e11
9.440608762859265e11	4.314151921085627e11
9.549925860214369e11	4.293955691574501e11
9.660508789898121e11	4.252812994689367e11
9.772372209558112e11	4.188069827184683e11
9.885530946569412e11	4.0968139118886163e11
1.e12	3.975851639031985e11
