1.e7	1.0000201494931757
1.0115794542598983e7	1.0000201284655263
1.0232929922807537e7	1.0000201072036254
1.035142166679343e7	1.0000200857057115
1.0471285480508985e7	1.0000200639700847
1.0592537251772897e7	1.0000200419951124
1.0715193052376071e7	1.0000200197792348
1.0839269140212039e7	1.0000199973209718
1.0964781961431852e7	1.0000199746189309
1.109174815262401e7	1.0000199516718118
1.122018454301963e7	1.000019928478416
1.1350108156723144e7	1.0000199050376521
1.1481536214968817e7	1.0000198813485452
1.1614486138403438e7	1.0000198574102444
1.1748975549395302e7	1.0000198332220291
1.188502227437019e7	1.0000198087833196
1.202264434617413e7	1.000019784093684
1.2161860006463679e7	1.000019759152847
1.230268770812381e7	1.0000197339606987
1.2445146117713844e7	1.0000197085173022
1.2589254117941663e7	1.000019682822904
1.2735030810166629e7	1.0000196568779416
1.288249551693135e7	1.0000196306830529
1.3031667784523001e7	1.0000196042390834
1.3182567385564074e7	1.000019577547098
1.333521432163324e7	1.0000195506083858
1.3489628825916532e7	1.0000195234244718
1.3645831365889238e7	1.0000194959971234
1.3803842646028839e7	1.0000194683283592
1.3963683610559363e7	1.000019440420457
1.4125375446227554e7	1.0000194122759611
1.4288939585111037e7	1.0000193838976907
1.445439770745928e7	1.0000193552887455
1.4621771744567184e7	1.0000193264525132
1.4791083881682072e7	1.0000192973926763
1.4962356560944328e7	1.000019268113217
1.5135612484362071e7	1.0000192386184228
1.5310874616820287e7	1.000019208912892
1.5488166189124828e7	1.0000191790015374
1.5667510701081501e7	1.0000191488895895
1.5848931924611142e7	1.0000191185826004
1.6032453906900417e7	1.0000190880864461
1.62181009735893e7	1.000019057407328
1.6405897731995387e7	1.0000190265517723
1.6595869074375596e7	1.000018995526633
1.678804018122559e7	1.0000189643390895
1.698243652461746e7	1.0000189329966442
1.7179083871575896e7	1.0000189015071228
1.737800828749376e7	1.000018869878668
1.757923613958693e7	1.0000188381197375
1.7782794100389227e7	1.0000188062390976
1.7988709151287872e7	1.0000187742458178
1.8197008586099826e7	1.0000187421492632
1.8407720014689546e7	1.0000187099590871
1.8620871366628658e7	1.0000186776852216
1.883649089489802e7	1.0000186453378672
1.905460717963248e7	1.0000186129274817
1.9275249131909367e7	1.000018580464769
1.9498445997580454e7	1.0000185479606651
1.9724227361148532e7	1.0000185154263244
1.9952623149688788e7	1.0000184828731038
2.0183663636815596e7	1.0000184503125482
2.0417379446695276e7	1.0000184177563711
2.0653801558105312e7	1.0000183852164384
2.0892961308540408e7	1.000018352704748
2.1134890398366477e7	1.0000183202334103
2.1379620895022325e7	1.0000182878146275
2.1627185237270202e7	1.0000182554606711
2.187761623949552e7	1.000018223183859
2.2130947096056364e7	1.0000181909965324
2.2387211385683376e7	1.0000181589110302
2.2646443075930618e7	1.000018126939666
2.290867652767775e7	1.0000180950946982
2.3173946499684796e7	1.000018063388307
2.3442288153199226e7	1.0000180318325635
2.3713737056616552e7	1.0000180004394035
2.3988329190194897e7	1.0000179692205975
2.426610095082414e7	1.0000179381877206
2.4547089156850286e7	1.0000179073521231
2.483133105295568e7	1.0000178767248986
2.5118864315095823e7	1.0000178463168532
2.5409727055493064e7	1.0000178161384723
2.5703957827688646e7	1.000017786199889
2.600159563165272e7	1.0000177565108495
2.6302679918953814e7	1.0000177270806814
2.6607250597988084e7	1.0000176979182573
2.6915348039269138e7	1.000017669031962
2.7227013080779098e7	1.000017640429655
2.754228703338169e7	1.0000176121186377
2.7861211686297722e7	1.0000175841056154
2.818382931264455e7	1.0000175563966611
2.8510182675039098e7	1.0000175289971796
2.8840315031266056e7	1.000017501911869
2.917427014001166e7	1.0000174751446842
2.9512092266663842e7	1.0000174486987978
2.9853826189179573e7	1.0000174225765632
3.019951720402019e7	1.0000173967794737
3.0549211132155154e7	1.0000173713081257
3.090295432513592e7	1.000017346162178
3.126079367123956e7	1.0000173213403127
3.162277660168379e7	1.0000172968401955
3.198895109691397e7	1.0000172726584344
3.235936569296281e7	1.0000172487905412
3.2734069487883795e7	1.0000172252308894
3.3113112148259077e7	1.0000172019726747
3.3496543915782794e7	1.0000171790078742
3.388441561392027e7	1.0000171563272051
3.427677865464505e7	1.0000171339200852
3.4673685045253165e7	1.000017111774592
3.5075187395256795e7	1.0000170898774228
3.548133892335753e7	1.0000170682138552
3.58921934645005e7	1.0000170467677072
3.6307805477010176e7	1.0000170255213
3.67282300498085e7	1.0000170044554177
3.715352290971728e7	1.0000169835492738
3.758374042884443e7	1.000016962780472
3.8018939632056125e7	1.0000169421249732
3.845917820453535e7	1.000016921557062
3.890451449942805e7	1.000016901049315
3.935500754557773e7	1.0000168805725704
3.981071705534969e7	1.0000168600959007
4.027170343254595e7	1.0000168395865872
4.07380277804113e7	1.000016819010096
4.120975190973304e7	1.000016798330058
4.168693834703355e7	1.0000167775082534
4.2169650342858225e7	1.0000167565045928
4.265795188015926e7	1.0000167352771114
4.31519076827765e7	1.0000167137819593
4.365158322401656e7	1.0000166919733995
4.415704473533121e7	1.0000166698038078
4.466835921509635e7	1.0000166472236809
4.518559443749226e7	1.0000166241816442
4.570881896148752e7	1.0000166006244697
4.623810213992603e7	1.000016576497095
4.6773514128719814e7	1.0000165517426507
4.7315125896148026e7	1.0000165263024914
4.78630092322638e7	1.0000165001162327
4.841723675840999e7	1.0000164731217964
4.897788193684466e7	1.0000164452554583
4.9545019080479056e7	1.000016416451905
5.011872336272725e7	1.0000163866442957
5.0699070827470444e7	1.0000163557643291
5.128613839913648e7	1.0000163237423205
5.188000389289609e7	1.00001629050728
5.248074602497723e7	1.0000162559870007
5.3088444423098795e7	1.0000162201081513
5.370317963702533e7	1.000016182796375
5.432503314924336e7	1.0000161439763944
5.495408738576248e7	1.0000161035721205
5.559042572704037e7	1.0000160615067695
5.623413251903491e7	1.000016017702981
5.688529308438413e7	1.0000159720829442
5.754399373371567e7	1.0000159245685254
5.82103217770871e7	1.0000158750813999
5.888436553555884e7	1.000015823543189
5.956621435290109e7	1.0000157698755967
6.025595860743581e7	1.0000157140005488
6.0953689724016935e7	1.0000156558403361
6.165950018614822e7	1.0000155953177552
6.237348354824191e7	1.0000155323562514
6.3095734448019296e7	1.0000154668800605
6.3826348619054824e7	1.0000153988143488
6.456542290346563e7	1.0000153280853523
6.531305526474729e7	1.0000152546205119
6.606934480075964e7	1.000015178348608
6.6834391756861486e7	1.0000150991998875
6.760829753919819e7	1.0000150171061883
6.839116472814293e7	1.0000149320010596
6.918309709189363e7	1.0000148438198722
6.998419960022731e7	1.0000147524999266
7.079457843841374e7	1.0000146579805527
7.161434102129027e7	1.0000145602032002
7.244359600749905e7	1.0000144591115234
7.328245331389044e7	1.0000143546514555
7.413102413009177e7	1.0000142467712758
7.498942093324558e7	1.000014135421667
7.585775750291836e7	1.0000140205557637
7.673614893618186e7	1.0000139021291914
7.762471166286911e7	1.0000137801000966
7.85235634610071e7	1.0000136544291667
7.943282347242822e7	1.0000135250796425
8.035261221856177e7	1.0000133920173204
8.128305161640996e7	1.0000132552105485
8.222426499470712e7	1.0000131146302103
8.317637711026709e7	1.0000129702497076
8.413951416451947e7	1.0000128220449302
8.511380382023759e7	1.0000126699942256
8.609937521846016e7	1.0000125140783582
8.709635899560814e7	1.0000123542804698
8.810488730080147e7	1.0000121905860317
8.91250938133746e7	1.000012022982802
9.015711376059571e7	1.0000118514607732
9.120108393559097e7	1.0000116760121296
9.225714271547629e7	1.0000114966312017
9.332543007969905e7	1.0000113133144242
9.440608762859227e7	1.0000111260603017
9.549925860214369e7	1.0000109348693782
9.66050878989814e7	1.0000107397442182
9.772372209558111e7	1.0000105406893938
9.88553094656939e7	1.0000103377114862
1.e8	1.0000101308190994
1.0115794542599003e8	1.000009920022889
1.0232929922807537e8	1.000009705335607
1.0351421666793452e8	1.0000094867721663
1.0471285480508985e8	1.0000092643497234
1.0592537251772897e8	1.000009038087783
1.0715193052376048e8	1.0000088080083271
1.0839269140212038e8	1.0000085741359657
1.0964781961431828e8	1.000008336498117
1.109174815262401e8	1.0000080951252126
1.1220184543019652e8	1.0000078500509313
1.1350108156723143e8	1.0000076013124655
1.1481536214968841e8	1.0000073489508141
1.1614486138403414e8	1.000007093011112
1.1748975549395303e8	1.0000068335429904
1.1885022274370165e8	1.0000065706009709
1.2022644346174131e8	1.0000063042448946
1.2161860006463704e8	1.0000060345403867
1.230268770812381e8	1.0000057615593563
1.2445146117713869e8	1.0000054853805327
1.2589254117941661e8	1.0000052060900368
1.2735030810166629e8	1.000004923781992
1.2882495516931322e8	1.000004638559168
1.3031667784523e8	1.000004350533664
1.31825673855641e8	1.0000040598276263
1.333521432163324e8	1.000003766574004
1.348962882591656e8	1.0000034709173382
1.364583136588924e8	1.0000031730145886
1.3803842646028867e8	1.0000028730359931
1.3963683610559362e8	1.0000025711659628
1.4125375446227553e8	1.0000022676040115
1.4288939585111007e8	1.000001962565714
1.445439770745928e8	1.0000016562837026
1.4621771744567153e8	1.0000013490086883
1.479108388168207e8	1.0000010410105191
1.4962356560944358e8	1.0000007325792613
1.5135612484362072e8	1.0000004240263163
1.5310874616820318e8	1.0000001156855607
1.5488166189124796e8	0.9999998079145149
1.5667510701081502e8	0.9999995010955409
1.584893192461111e8	0.9999991956370626
1.6032453906900418e8	0.9999988919748143
1.621810097358933e8	0.9999985905731125
1.640589773199539e8	0.9999983102262553
1.659586907437563e8	0.9999980157540371
1.678804018122559e8	0.9999977250781161
1.698243652461746e8	0.9999974387854333
1.717908387157586e8	0.9999971575247709
1.7378008287493762e8	0.9999968819852435
1.7579236139586967e8	0.9999966128981882
1.7782794100389227e8	0.9999963510135087
1.798870915128791e8	0.9999960970454719
1.8197008586099824e8	0.9999958518464543
1.8407720014689583e8	0.9999956163211432
1.8620871366628656e8	0.999995391423858
1.883649089489802e8	0.9999951781617145
1.9054607179632443e8	0.9999949770988682
1.9275249131909367e8	0.999994789647431
1.9498445997580415e8	0.9999946169752635
1.9724227361148533e8	0.9999944603036899
1.9952623149688828e8	0.9999943209147044
2.0183663636815596e8	0.9999942001465008
2.0417379446695316e8	0.9999940982209556
2.065380155810527e8	0.9999940175478368
2.089296130854041e8	0.9999939596623665
2.1134890398366433e8	0.999993926173395
2.1379620895022324e8	0.9999939187696456
2.1627185237270245e8	0.9999939391455459
2.187761623949552e8	0.9999939870799618
2.213094709605641e8	0.9999940662719925
2.238721138568338e8	0.9999941787171817
2.264644307593062e8	0.9999943265055192
2.29086765276777e8	0.9999945118213854
2.3173946499684796e8	0.9999947367404826
2.3442288153199276e8	0.9999950004670718
2.3713737056616554e8	0.9999953083714959
2.3988329190194947e8	0.9999956630264731
2.4266100950824144e8	0.9999960671201226
2.4547089156850335e8	0.9999965234611653
2.4831331052955678e8	0.9999970345218512
2.511886431509582e8	0.9999975988071861
2.5409727055493012e8	0.9999982238449235
2.5703957827688646e8	0.9999989129341655
2.6001595631652668e8	0.9999996695223996
2.6302679918953815e8	1.0000004972107297
2.660725059798814e8	1.0000013988819256
2.691534803926914e8	1.0000023722294125
2.7227013080779153e8	1.0000034275616958
2.7542287033381635e8	1.0000045691139166
2.786121168629772e8	1.0000058013135324
2.8183829312644494e8	1.0000071287886692
2.8510182675039095e8	1.0000085548394506
2.884031503126612e8	1.0000100762841737
2.9174270140011656e8	1.000011706996836
2.9512092266663903e8	1.0000134524466608
2.985382618917957e8	1.0000153183429181
3.019951720402019e8	1.0000173106671206
3.054921113215509e8	1.0000194331529275
3.090295432513592e8	1.000021681742764
3.126079367123962e8	1.0000240748765734
3.1622776601683795e8	1.0000266196466168
3.1988951096914035e8	1.0000293234841406
3.235936569296281e8	1.0000321941763803
3.273406948788386e8	1.0000352358876161
3.311311214825908e8	1.0000384437810537
3.349654391578279e8	1.0000418421712296
3.3884415613920206e8	1.000045440339051
3.427677865464505e8	1.0000492480199814
3.46736850452531e8	1.0000532754287024
3.5075187395256793e8	1.0000575272135157
3.5481338923357606e8	1.0000619979499386
3.58921934645005e8	1.0000667195262891
3.630780547701018e8	1.0000717041746896
3.6728230049808425e8	1.0000769647421364
3.715352290971728e8	1.0000825147259502
3.7583740428844357e8	1.0000883593823866
3.8018939632056123e8	1.0000944929873319
3.845917820453543e8	1.0001009573017978
3.8904514499428046e8	1.000107768588784
3.9355007545577806e8	1.0001149439461476
3.981071705534969e8	1.0001225013626223
4.027170343254595e8	1.0001304471128565
4.073802778041122e8	1.0001387753504647
4.120975190973304e8	1.0001475409849638
4.168693834703364e8	1.000156765826391
4.2169650342858225e8	1.0001664728505435
4.265795188015934e8	1.000176686264175
4.31519076827765e8	1.0001874146693244
4.3651583224016654e8	1.0001986515537555
4.415704473533121e8	1.0002104698910415
4.466835921509635e8	1.0002228992805504
4.518559443749217e8	1.0002359709751731
4.570881896148752e8	1.0002497179672218
4.623810213992594e8	1.0002641547289908
4.677351412871981e8	1.000279271074479
4.731512589614813e8	1.0002951660996013
4.7863009232263803e8	1.0003118806082087
4.841723675840999e8	1.0003294577821777
4.8977881936844563e8	1.0003479433619813
4.9545019080479056e8	1.000367366433621
5.011872336272715e8	1.0003877034388218
5.0699070827470446e8	1.0004090939249366
5.1286138399136585e8	1.0004315951745997
5.188000389289609e8	1.0004552680045469
5.248074602497734e8	1.000480177015165
5.308844442309879e8	1.000506386191893
5.370317963702532e8	1.0005338328621165
5.432503314924325e8	1.0005627236514454
5.495408738576248e8	1.0005931406298731
5.559042572704048e8	1.0006251712011522
5.623413251903491e8	1.000658908488462
5.688529308438425e8	1.0006944517525334
5.754399373371567e8	1.0007317687685444
5.821032177708721e8	1.0007710534399672
5.888436553555884e8	1.000812469198011
5.956621435290109e8	1.0008561441039898
6.025595860743569e8	1.0009022149910554
6.095368972401694e8	1.0009508281145367
6.16595001861481e8	1.001002083101674
6.237348354824191e8	1.0010560228349095
6.309573444801943e8	1.0011129905875609
6.382634861905483e8	1.0011731771359116
6.456542290346563e8	1.0012367866832028
6.531305526474717e8	1.001304037893863
6.606934480075965e8	1.0013751649613862
6.683439175686135e8	1.0014503138956683
6.760829753919818e8	1.0015296644004468
6.839116472814307e8	1.0016136787324903
6.918309709189363e8	1.0017026647121854
6.998419960022745e8	1.0017969522665762
7.079457843841373e8	1.0018968950442027
7.161434102129027e8	1.0020028721819036
7.244359600749891e8	1.0021152901027446
7.328245331389045e8	1.0022342899228398
7.413102413009192e8	1.0023605503020256
7.498942093324559e8	1.002494631240287
7.585775750291852e8	1.0026370680809218
7.673614893618186e8	1.0027884346630982
7.762471166286927e8	1.0029493458940308
7.852356346100711e8	1.0031204606106823
7.943282347242821e8	1.003302484608553
8.03526122185616e8	1.0034961734136703
8.128305161640995e8	1.0037019066910098
8.222426499470695e8	1.0039209564230347
8.317637711026709e8	1.0041542493623978
8.413951416451964e8	1.0044027774010371
8.511380382023759e8	1.0046676017744314
8.609937521846017e8	1.0049498580235594
8.709635899560796e8	1.0052507602687233
8.810488730080147e8	1.0055716065953897
8.912509381337441e8	1.005913784578964
9.01571137605957e8	1.0062787770244987
9.120108393559115e8	1.0066681679346434
9.225714271547629e8	1.0070836489772799
9.332543007969924e8	1.0075266425767841
9.440608762859226e8	1.0079993536120744
9.549925860214369e8	1.0085039234966446
9.660508789898121e8	1.0090425456455623
9.772372209558111e8	1.0096175589838587
9.88553094656941e8	1.0102314568141448
1.e9	1.010886896150008
1.0115794542598962e9	1.0115867073538856
1.0232929922807536e9	1.0123339047320268
1.0351421666793451e9	1.0131316978682507
1.0471285480508986e9	1.0139835024740351
1.0592537251772897e9	1.014892952587049
1.0715193052376093e9	1.0158639133777314
1.083926914021204e9	1.0169004939959174
1.0964781961431828e9	1.0180070631453548
1.1091748152624009e9	1.0191882623842434
1.1220184543019652e9	1.0204490222579103
1.1350108156723144e9	1.021794578493071
1.148153621496884e9	1.023230489204322
1.1614486138403413e9	1.0247626529347793
1.1748975549395304e9	1.0263973276060734
1.1885022274370165e9	1.0281411500784674
1.202264434617413e9	1.030001157333094
1.2161860006463704e9	1.0319848081094862
1.230268770812381e9	1.0341000058227638
1.2445146117713869e9	1.036355122779168
1.258925411794166e9	1.038759025117107
1.2735030810166628e9	1.041321099855432
1.2882495516931322e9	1.0440512808521385
1.3031667784523e9	1.046960079868889
1.31825673855641e9	1.0500586161271586
1.333521432163324e9	1.0533586478986428
1.3489628825916505e9	1.056872606099723
1.364583136588924e9	1.0606136291032602
1.3803842646028867e9	1.0645955997892533
1.3963683610559363e9	1.0688331835178821
1.4125375446227555e9	1.07334186767229
1.4288939585111065e9	1.078138004381198
1.445439770745928e9	1.0832388549118588
1.4621771744567153e9	1.088662634157169
1.4791083881682072e9	1.0944285603269976
1.496235656094436e9	1.1005569050848438
1.513561248436207e9	1.1070690459867687
1.5310874616820319e9	1.1139875223451903
1.5488166189124796e9	1.121336091789604
1.5667510701081502e9	1.1291397931856675
1.5848931924611108e9	1.137425007915196
1.6032453906900418e9	1.1462195279606036
1.6218100973589332e9	1.1555520752777306
1.6405897731995387e9	1.1654508171881435
1.6595869074375632e9	1.1759510245255398
1.6788040181225588e9	1.1870868439263984
1.698243652461746e9	1.1988942163980745
1.7179083871575859e9	1.2114109658807237
1.7378008287493763e9	1.2246768912124395
1.7579236139586966e9	1.2387338629678981
1.7782794100389228e9	1.2536259245215675
1.7988709151287837e9	1.2693993974219147
1.8197008586099825e9	1.286103000135702
1.8407720014689581e9	1.3037879578771063
1.8620871366628656e9	1.3225081294695762
1.8836490894898021e9	1.342320134383441
1.905460717963252e9	1.3632834880627815
1.9275249131909366e9	1.3854607459396264
1.9498445997580414e9	1.4089176515320467
1.9724227361148534e9	1.433723294930608
1.9952623149688828e9	1.4599502756915146
2.0183663636815596e9	1.487674876797546
2.0417379446695316e9	1.516977244992643
2.065380155810527e9	1.5479415829009813
2.0892961308540409e9	1.580656350485722
2.1134890398366432e9	1.6152144753416806
2.1379620895022326e9	1.651713573108502
2.1627185237270246e9	1.690256179122836
2.187761623949552e9	1.7309499969731101
2.213094709605641e9	1.7739081557694478
2.238721138568338e9	1.8192494804905146
2.264644307593062e9	1.8670987740435943
2.29086765276777e9	1.9175871194384984
2.3173946499684796e9	1.9708521954699174
2.3442288153199277e9	2.027038603169902
2.3713737056616554e9	2.0862982220899915
2.398832919019485e9	2.1487906299510526
2.426610095082414e9	2.214683033447098
2.454708915685034e9	2.284152143747885
2.483133105295568e9	2.357380607696591
2.511886431509582e9	2.4345673543935615
2.5409727055493116e9	2.5159117136083893
2.5703957827688646e9	2.6016297407023643
2.600159563165267e9	2.691946313280241
2.6302679918953815e9	2.7870968313715165
2.660725059798814e9	2.887332460101667
2.6915348039269137e9	2.9928579588097026
2.7227013080779157e9	3.103984537412445
2.7542287033381634e9	3.2210065991319587
2.786121168629772e9	3.344223316474345
2.818382931264449e9	3.473958235086976
2.8510182675039096e9	3.6105375210257966
2.8840315031266117e9	3.754313108919859
2.917427014001166e9	3.9056531551629354
2.95120922666639e9	4.064942639534415
2.9853826189179573e9	4.232588697947393
3.019951720402019e9	4.409017441581292
3.0549211132155094e9	4.594676503303408
3.0902954325135922e9	4.790038620067713
3.126079367123962e9	4.995598180371405
3.1622776601683793e9	5.211874919016626
3.1988951096913905e9	5.439419398897074
3.235936569296281e9	5.678804474037251
3.2734069487883863e9	5.930635466576209
3.3113112148259077e9	6.195354271669461
3.3496543915782795e9	6.47369287272069
3.3884415613920345e9	6.766445115495744
3.4276778654645047e9	7.074348915478593
3.4673685045253096e9	7.398178017314929
3.5075187395256796e9	7.738746248262789
3.5481338923357606e9	8.096910649349939
3.58921934645005e9	8.473573353658733
3.6307805477010174e9	8.869680666907112
3.6728230049808426e9	9.286227689576583
3.715352290971728e9	9.724270425413351
3.7583740428844357e9	10.184905658520464
3.8018939632056127e9	10.669068063157258
3.845917820453543e9	11.177680804039959
3.890451449942805e9	11.712469461562769
3.9355007545577803e9	12.274778301698124
3.9810717055349693e9	12.866022767960981
4.027170343254595e9	13.487696237618998
4.073802778041122e9	14.141365369630154
4.1209751909733043e9	14.828680941578297
4.1686938347033634e9	15.551380649061644
4.2169650342858224e9	16.311297076720695
4.265795188015917e9	17.11024862172722
4.31519076827765e9	17.94904145210403
4.365158322401666e9	18.83097449229108
4.415704473533121e9	19.758288159800315
4.466835921509635e9	20.733331458513295
4.518559443749235e9	21.758582961512804
4.570881896148752e9	22.83665251909831
4.623810213992594e9	23.97028971408342
4.677351412871982e9	25.16238916320196
4.731512589614813e9	26.41599841901853
4.78630092322638e9	27.731931661744774
4.841723675840999e9	29.11560641427745
4.897788193684457e9	30.570664185741133
4.954501908047905e9	32.1008225425159
5.011872336272715e9	33.71001629611723
5.069907082747045e9	35.4023870711617
5.128613839913659e9	37.182299042917904
5.18800038928961e9	39.054351936825334
5.248074602497734e9	41.02109614983289
5.308844442309879e9	43.087867890105635
5.370317963702533e9	45.261649053393285
5.432503314924325e9	47.54807631821448
5.495408738576248e9	49.95309170787282
5.559042572704048e9	52.482950436168615
5.623413251903491e9	55.144252688707034
5.688529308438401e9	57.9439542389574
5.754399373371567e9	60.88505273443228
5.821032177708722e9	63.97700007994967
5.888436553555884e9	67.22983465511099
5.95662143529011e9	70.65209492902589
6.025595860743593e9	74.25278140517338
6.095368972401693e9	78.04138277583944
6.16595001861481e9	82.0279108143978
6.237348354824191e9	86.22145308771677
6.309573444801943e9	90.62594866182481
6.382634861905482e9	95.26073197492724
6.456542290346562e9	100.13810050016895
6.531305526474716e9	105.27102323173119
6.606934480075964e9	110.6731827142619
6.683439175686135e9	116.35900846019457
6.760829753919819e9	122.3437199652869
6.839116472814306e9	128.6298569588592
6.918309709189363e9	135.2450207268327
6.998419960022745e9	142.20827030881657
7.079457843841373e9	149.5383280218247
7.161434102129027e9	157.25497617041273
7.244359600749891e9	165.3790408200339
7.328245331389045e9	173.9325278822418
7.413102413009192e9	182.91931476481582
7.498942093324558e9	192.3784478611193
7.585775750291821e9	202.3381207482608
7.673614893618186e9	212.82542899248142
7.762471166286927e9	223.86898175575698
7.85235634610071e9	235.4989524279019
7.943282347242822e9	247.74641969673095
8.035261221856194e9	260.6142049814766
8.128305161640995e9	274.1660509351696
8.2224264994706955e9	288.43916932456835
8.317637711026709e9	303.4728394686635
8.413951416451964e9	319.3085423796505
8.511380382023759e9	335.9900570923323
8.609937521846016e9	353.54952048694895
8.709635899560797e9	372.0157498078815
8.810488730080147e9	391.469414905357
8.91250938133744e9	411.9645478954898
9.01571137605957e9	433.5582018337779
9.120108393559114e9	456.31062301280565
9.225714271547628e9	480.2854354282044
9.332543007969925e9	505.5026469847837
9.440608762859226e9	532.0556991901076
9.549925860214369e9	560.0369343966755
9.66050878989812e9	589.5249437478244
9.772372209558111e9	620.6027353976596
9.88553094656941e9	653.3579861940751
1.e10	687.8637957743757
1.0115794542598963e10	724.1594266622031
1.0232929922807537e10	762.4162589615723
1.0351421666793451e10	802.7427175587375
1.0471285480508986e10	845.2532724845942
1.0592537251772898e10	890.0689032753712
1.0715193052376093e10	937.3174181630823
1.0839269140212038e10	987.0277958864231
1.096478196143183e10	1039.4081845886326
1.1091748152624008e10	1094.635016157334
1.1220184543019653e10	1152.866426463222
1.1350108156723143e10	1214.2695110200345
1.1481536214968842e10	1279.020832399564
1.1614486138403414e10	1347.2259267459046
1.1748975549395304e10	1419.0438851845208
1.1885022274370165e10	1494.7817149844007
1.2022644346174131e10	1574.65804729408
1.2161860006463703e10	1658.9039407597743
1.2302687708123812e10	1747.7636025586019
1.244514611771387e10	1841.4598075579984
1.2589254117941662e10	1940.0619793267867
1.273503081016663e10	2044.0688439481708
1.2882495516931322e10	2153.78297878995
1.3031667784523e10	2269.5242131480927
1.31825673855641e10	2391.6306409093154
1.333521432163324e10	2520.4596903288907
1.3489628825916506e10	2656.0542209860814
1.3645831365889238e10	2799.068438185543
1.3803842646028866e10	2949.962460888393
1.3963683610559362e10	3109.1794342348503
1.4125375446227554e10	3277.18787582164
1.4288939585111067e10	3454.483143836839
1.445439770745928e10	3641.2339118329464
1.4621771744567154e10	3838.1332977937013
1.4791083881682072e10	4045.9239795563544
1.4962356560944359e10	4265.220520598144
1.5135612484362072e10	4496.672761330575
1.5310874616820318e10	4740.967858726229
1.5488166189124796e10	4998.466784935775
1.5667510701081501e10	5269.883114055312
1.5848931924611109e10	5556.368839719795
1.6032453906900417e10	5858.77698161625
1.621810097358933e10	6178.009651239307
1.6405897731995388e10	6515.020916432759
1.6595869074375631e10	6870.458505510375
1.678804018122559e10	7245.027188410358
1.698243652461746e10	7640.466701608926
1.717908387157586e10	8057.961985069592
1.7378008287493763e10	8498.766339382595
1.7579236139586967e10	8964.205421662507
1.778279410038923e10	9455.347531152025
1.7988709151287838e10	9972.844101434037
1.8197008586099827e10	10519.273160565812
1.8407720014689583e10	11096.281921252836
1.8620871366628654e10	11705.612985226217
1.883649089489802e10	12349.109527431301
1.9054607179632523e10	13028.448568621461
1.9275249131909367e10	13744.163322983242
1.9498445997580414e10	14500.021008518057
1.9724227361148533e10	15298.313087547509
1.9952623149688828e10	16141.463783128342
2.0183663636815598e10	17032.037866883165
2.0417379446695316e10	17972.584446366036
2.065380155810527e10	18963.426301743417
2.089296130854041e10	20010.01030388213
2.1134890398366432e10	21115.526090422736
2.1379620895022324e10	22283.34843912198
2.1627185237270245e10	23517.04814533866
2.1877616239495518e10	24820.40354537822
2.2130947096056408e10	26193.430089307665
2.2387211385683376e10	27643.907439658335
2.264644307593062e10	29176.288472864526
2.29086765276777e10	30795.273890582823
2.3173946499684795e10	32505.837962587877
2.3442288153199276e10	34313.24446948871
2.3713737056616554e10	36217.791556596945
2.398832919019485e10	38229.78044650584
2.4266100950824142e10	40355.67774333375
2.4547089156850334e10	42602.03448683978
2.4831331052955677e10	44975.783475619595
2.511886431509582e10	47484.26176767772
2.540972705549312e10	50128.18003837205
2.570395782768865e10	52921.32386351849
2.6001595631652668e10	55872.98766530122
2.6302679918953815e10	58992.30551278434
2.660725059798814e10	62288.944528015025
2.691534803926914e10	65773.13634201023
2.7227013080779156e10	69446.17554439577
2.7542287033381634e10	73326.69610703032
2.786121168629772e10	77427.94908997798
2.8183829312644493e10	81762.67553015918
2.8510182675039097e10	86344.36097569039
2.8840315031266117e10	91187.27944639444
2.9174270140011658e10	96293.53156297999
2.9512092266663902e10	101688.53803049616
2.9853826189179573e10	107391.06906794681
3.019951720402019e10	113418.9036971355
3.054921113215509e10	119790.86096682641
3.090295432513592e10	126526.86168310676
3.126079367123962e10	133630.09423839234
3.1622776601683792e10	141135.52719437657
3.1988951096913906e10	149069.60950009164
3.235936569296281e10	157457.15816735625
3.273406948788386e10	166324.44338812886
3.3113112148259075e10	175699.27445773617
3.3496543915782795e10	185586.27663135622
3.388441561392034e10	196033.9071050382
3.4276778654645046e10	207079.27403047838
3.46736850452531e10	218757.0276158078
3.50751873952568e10	231103.8486634379
3.5481338923357605e10	244158.56866261532
3.5892193464500496e10	257927.66759543028
3.630780547701018e10	272478.7240212645
3.6728230049808426e10	287863.6134442272
3.715352290971728e10	304130.7256840652
3.758374042884435e10	321331.2881963801
3.801893963205613e10	339519.5339771719
3.845917820453543e10	358704.27657874714
3.890451449942805e10	378980.2761179178
3.9355007545577805e10	400419.8308860653
3.981071705534969e10	423090.52930481144
4.027170343254595e10	447063.92529907194
4.073802778041122e10	472415.7729071282
4.120975190973304e10	499157.73028331413
4.168693834703364e10	527423.2819961876
4.216965034285822e10	557312.925162306
4.2657951880159164e10	588921.0742408239
4.3151907682776505e10	622347.685125803
4.3651583224016655e10	657698.5830368329
4.415704473533121e10	694988.7501519261
4.466835921509635e10	734406.935534496
4.5185594437492355e10	776092.5135411903
4.570881896148752e10	820177.3797517619
4.623810213992594e10	866801.1728595643
4.677351412871981e10	916111.7324715437
4.7315125896148125e10	968127.6866998617
4.78630092322638e10	1.023116758242108e6
4.841723675840999e10	1.0812718440873912e6
4.897788193684457e10	1.1427772015456762e6
4.954501908047906e10	1.207827905526886e6
5.011872336272715e10	1.2766304881901834e6
5.069907082747044e10	1.349207161186073e6
5.128613839913659e10	1.4259386135737346e6
5.1880003892896095e10	1.5070913238200548e6
5.248074602497734e10	1.5929226857541078e6
5.308844442309879e10	1.6837052031936308e6
5.370317963702533e10	1.7797273829946797e6
5.432503314924325e10	1.881014178998116e6
5.495408738576248e10	1.9881079884262674e6
5.559042572704048e10	2.1013763052582163e6
5.6234132519034904e10	2.2211786523237573e6
5.688529308438402e10	2.347895652422861e6
5.754399373371567e10	2.4819302748419237e6
5.821032177708722e10	2.6233079340159725e6
5.888436553555884e10	2.772802623823353e6
5.956621435290109e10	2.9309203129479736e6
6.0255958607435936e10	3.0981630965774697e6
6.095368972401694e10	3.2750625252708774e6
6.1659500186148094e10	3.4621813407714823e6
6.237348354824191e10	3.65954061294387e6
6.3095734448019424e10	3.8682461350782732e6
6.3826348619054825e10	4.0889934137255987e6
6.456542290346562e10	4.32248349379015e6
6.531305526474716e10	4.569458522712901e6
6.606934480075964e10	4.830704172315847e6
6.683439175686135e10	5.106228079197422e6
6.760829753919819e10	5.397611479725117e6
6.839116472814307e10	5.705808897530914e6
6.918309709189363e10	6.031798886594834e6
6.998419960022745e10	6.376617328386786e6
7.079457843841373e10	6.741360806274531e6
7.161434102129027e10	7.126007360248616e6
7.244359600749892e10	7.532819521131043e6
7.328245331389044e10	7.963105149755011e6
7.413102413009192e10	8.418229675331846e6
7.498942093324559e10	8.899638445137454e6
7.58577575029182e10	9.40885108429571e6
7.673614893618185e10	9.945819395649143e6
7.762471166286928e10	1.0513751127878997e7
7.85235634610071e10	1.1114445581877053e7
7.943282347242822e10	1.1749807224069523e7
8.035261221856194e10	1.2421851855721379e7
8.128305161640996e10	1.3132647223131802e7
8.222426499470695e10	1.3882208556533305e7
8.317637711026709e10	1.4674975573973767e7
8.413951416451965e10	1.5513456817722863e7
8.51138038202376e10	1.6400307246380474e7
8.609937521846016e10	1.7338336816503726e7
8.709635899560797e10	1.8330352874635976e7
8.810488730080147e10	1.9376494451513335e7
8.91250938133744e10	2.048290250980245e7
9.01571137605957e10	2.165307242647722e7
9.120108393559116e10	2.289070327918437e7
9.225714271547629e10	2.4199709758340422e7
9.332543007969925e10	2.5583894155977625e7
9.440608762859225e10	2.7043617827305704e7
9.549925860214369e10	2.8587369194186542e7
9.660508789898122e10	3.022001552144445e7
9.772372209558112e10	3.1946707188432887e7
9.88553094656941e10	3.377289421749221e7
1.e11	3.570371272161134e7
1.0115794542598962e11	3.7739903806448534e7
1.0232929922807536e11	3.9893192168291435e7
1.0351421666793452e11	4.2170350326103084e7
1.0471285480508984e11	4.457854392132362e7
1.0592537251772897e11	4.712535458531592e7
1.0715193052376093e11	4.98176994580655e7
1.0839269140212039e11	5.2656946655490704e7
1.0964781961431828e11	5.565927819845407e7
1.1091748152624008e11	5.883410966457097e7
1.1220184543019653e11	6.219140184005404e7
1.1350108156723143e11	6.5741692357806586e7
1.148153621496884e11	6.949426579149935e7
1.1614486138403462e11	7.345150051324913e7
1.1748975549395303e11	7.763571105692628e7
1.1885022274370164e11	8.205997496003254e7
1.2022644346174132e11	8.673812497496462e7
1.2161860006463704e11	9.16847926944853e7
1.2302687708123811e11	9.691239269713207e7
1.2445146117713818e11	1.0242490080048177e8
1.2589254117941661e11	1.0825305873360959e8
1.2735030810166629e11	1.144150104434251e8
1.2882495516931323e11	1.2092994440678422e8
1.3031667784523e11	1.2781815372457133e8
1.31825673855641e11	1.3509616522622037e8
1.333521432163324e11	1.4277044413959533e8
1.3489628825916505e11	1.5088329718682358e8
1.3645831365889238e11	1.5945986662157238e8
1.3803842646028867e11	1.685267369824544e8
1.3963683610559363e11	1.7811201768498307e8
1.4125375446227554e11	1.8823759744798902e8
1.4288939585111066e11	1.9891377437096334e8
1.445439770745928e11	2.1019870264098603e8
1.4621771744567154e11	2.2212717384100097e8
1.479108388168207e11	2.3473596734255335e8
1.4962356560944357e11	2.4806396354156274e8
1.5135612484362073e11	2.621399781523925e8
1.531087461682032e11	2.7698015163730466e8
1.548816618912486e11	2.9266431728451496e8
1.56675107010815e11	3.092405440144205e8
1.5848931924611108e11	3.2675963457704777e8
1.6032453906900418e11	3.452752803621622e8
1.621810097358933e11	3.648251440734348e8
1.640589773199539e11	3.854341948729245e8
1.659586907437556e11	4.072118666802436e8
1.678804018122559e11	4.3022445522918737e8
1.698243652461746e11	4.545420073159338e8
1.7179083871575858e11	4.802385316631987e8
1.7378008287493762e11	5.0736282647022647e8
1.7579236139586966e11	5.359531020680561e8
1.7782794100389227e11	5.661591225962043e8
1.7988709151287836e11	5.980721394875029e8
1.8197008586099826e11	6.317885363843594e8
1.840772001468958e11	6.674101154460253e8
1.8620871366628656e11	7.049994260544622e8
1.883649089489802e11	7.4461440448393e8
1.9054607179632523e11	7.864596307796755e8
1.9275249131909366e11	8.306604208841074e8
1.9498445997580414e11	8.77349091029237e8
1.9724227361148535e11	9.266653446719859e8
1.9952623149688828e11	9.78688275550582e8
2.0183663636815598e11	1.033505028175579e9
2.0417379446695316e11	1.0913944809748309e9
2.0653801558105356e11	1.1525282865444553e9
2.0892961308540408e11	1.2170876115039008e9
2.1134890398366434e11	1.2852636566724856e9
2.1379620895022324e11	1.3571546882766926e9
2.1627185237270245e11	1.432890856109286e9
2.1877616239495517e11	1.51285142377008e9
2.213094709605632e11	1.5972708204519851e9
2.238721138568347e11	1.6863963521703787e9
2.2646443075930618e11	1.780488896589299e9
2.29086765276777e11	1.8796676777049015e9
2.3173946499684796e11	1.9841258319313707e9
2.3442288153199274e11	2.094377759581899e9
2.3713737056616553e11	2.2107425392367735e9
2.398832919019485e11	2.33355659109511e9
2.4266100950824142e11	2.463174598776216e9
2.4547089156850336e11	2.599736436168485e9
2.483133105295568e11	2.7435270418222027e9
2.5118864315095822e11	2.89524196454269e9
2.5409727055493115e11	3.0553137936801248e9
2.5703957827688647e11	3.224198340827631e9
2.6001595631652667e11	3.4023758526526403e9
2.6302679918953815e11	3.5900022696867537e9
2.660725059798814e11	3.7874956704449506e9
2.691534803926914e11	3.9957932189989505e9
2.7227013080779156e11	4.215478722851473e9
2.7542287033381744e11	4.44716687296495e9
2.7861211686297723e11	4.691504821272825e9
2.8183829312644495e11	4.948652006477359e9
2.85101826750391e11	5.219218683684799e9
2.8840315031266113e11	5.504462392824922e9
2.917427014001166e11	5.805166798647377e9
2.951209226666378e11	6.122156298053188e9
2.9853826189179694e11	6.456298043613278e9
3.019951720402019e11	6.807728241320207e9
3.054921113215509e11	7.177333234222802e9
3.090295432513592e11	7.566792383587458e9
3.1260793671239624e11	7.977150941200637e9
3.1622776601683795e11	8.409507334499623e9
3.1988951096913904e11	8.865015715744495e9
3.235936569296281e11	9.343738081790209e9
3.273406948788386e11	9.84695550790702e9
3.3113112148259076e11	1.0376898006866959e10
3.3496543915782794e11	1.0934949086186087e10
3.388441561392034e11	1.1522560789632296e10
3.4276778654645044e11	1.2141256831336792e10
3.4673685045253094e11	1.2790933490399689e10
3.5075187395256793e11	1.347343341879911e10
3.5481338923357605e11	1.4191697888230812e10
3.58921934645005e11	1.4947541066247967e10
3.6307805477010175e11	1.5742864007608541e10
3.6728230049808575e11	1.6579658376583927e10
3.715352290971728e11	1.7457496674197468e10
3.7583740428844354e11	1.837901636930945e10
3.801893963205613e11	1.9348065246745255e10
3.845917820453543e11	2.0366994657581654e10
3.8904514499428046e11	2.143826370762062e10
3.935500754557764e11	2.256444345092967e10
3.9810717055349854e11	2.374451676020897e10
4.027170343254595e11	2.498223985318255e10
4.073802778041122e11	2.6282596022664864e10
4.120975190973304e11	2.764858802027722e10
4.1686938347033636e11	2.9083348194127235e10
4.216965034285823e11	3.0590142804388348e10
4.265795188015917e11	3.216692653901801e10
4.31519076827765e11	3.38190209664513e10
4.3651583224016656e11	3.555279895326519e10
4.415704473533121e11	3.7372021220811226e10
4.466835921509635e11	3.9280597404973114e10
4.518559443749235e11	4.128258972285855e10
4.570881896148752e11	4.337421179823876e10
4.623810213992594e11	4.5562961263206825e10
4.677351412871981e11	4.7866654185631714e10
4.7315125896148126e11	5.0270384519964676e10
4.78630092322638e11	5.278609370646879e10
4.841723675840999e11	5.541826326406965e10
4.8977881936844763e11	5.817148746302121e10
4.954501908047905e11	6.1050469142115234e10
5.011872336272715e11	6.406001450457946e10
5.0699070827470447e11	6.720502677689702e10
5.1286138399136584e11	7.049049860415363e10
5.1880003892896094e11	7.392150304377621e10
5.2480746024977124e11	7.750318300683916e10
5.308844442309901e11	8.12407389821689e10
5.3703179637025323e11	8.513941486399219e10
5.432503314924325e11	8.920448168703168e10
5.495408738576248e11	9.344121905603906e10
5.559042572704049e11	9.785489403730522e10
5.623413251903491e11	1.0245073725932394e11
5.688529308438401e11	1.0723391594746764e11
5.754399373371566e11	1.1220950359319902e11
5.821032177708722e11	1.1738244593249988e11
5.888436553555884e11	1.2275752287977057e11
5.95662143529011e11	1.2833930603271938e11
6.025595860743594e11	1.3413211133113449e11
6.095368972401693e11	1.401399464157751e11
6.16595001861481e11	1.463664521962156e11
6.237348354824192e11	1.5281483809299228e11
6.309573444801943e11	1.5948781037599933e11
6.382634861905482e11	1.663874929701681e11
6.456542290346562e11	1.7351534004884692e11
6.531305526474742e11	1.808720396765508e11
6.606934480075964e11	1.884574077012222e11
6.683439175686135e11	1.9627027103123856e11
6.760829753919819e11	2.043083393582112e11
6.839116472814307e11	2.125680643105736e11
6.918309709189363e11	2.2104448493895398e11
6.998419960022716e11	2.2973105834309195e11
7.079457843841403e11	2.38619474153627e11
7.161434102129027e11	2.476994514754864e11
7.244359600749891e11	2.569585167873648e11
7.328245331389044e11	2.6638176116839865e11
7.413102413009192e11	2.759515750897497e11
7.498942093324558e11	2.8564735887023016e11
7.58577575029182e11	2.9544520673458984e11
7.673614893618186e11	3.0531756225588727e11
7.762471166286927e11	3.15232842774562e11
7.85235634610071e11	3.251550302050066e11
7.943282347242821e11	3.3504322542178424e11
8.035261221856194e11	3.448511632038611e11
8.128305161640995e11	3.54526684462573e11
8.222426499470696e11	3.640111622350022e11
8.317637711026709e11	3.732388776221301e11
8.413951416451964e11	3.821363415746793e11
8.511380382023759e11	3.906215580799324e11
8.609937521846017e11	3.986032239719324e11
8.709635899560833e11	4.0597986019766815e11
8.810488730080146e11	4.126388689689051e11
8.91250938133744e11	4.184555108002444e11
9.01571137605957e11	4.2329179494068304e11
9.120108393559115e11	4.2699527622838544e11
9.225714271547628e11	4.293977508256734e11
9.332543007969886e11	4.303138427165856e11
9.440608762859265e11	4.295394722094788e11
9.549925860214369e11	4.268501970271107e11
9.660508789898121e11	4.2199941578335114e11
9.772372209558112e11	4.147164229177493e11
9.885530946569412e11	4.047043032616924e11
1.e12	3.9163765353083716e11
